# timestamp (sec),tracking,propagation,msckf update,slam update,slam delayed,re-tri & marg,total
1700000005.119651556015015,0.00317,0.00012,0.00012,0.00000,0.00000,0.00127,0.00468
1700000005.153556585311890,0.00334,0.00009,0.00081,0.00000,0.00000,0.00143,0.00567
1700000005.187461376190186,0.00333,0.00017,0.00052,0.00000,0.00000,0.00218,0.00621
1700000005.221366405487061,0.00260,0.00011,0.00001,0.00000,0.00000,0.00110,0.00382
1700000005.255271434783936,0.00251,0.00012,0.00004,0.00000,0.00000,0.00106,0.00372
1700000005.289176464080811,0.00330,0.00016,0.00006,0.00000,0.00000,0.00150,0.00503
1700000005.323081254959106,0.00305,0.00013,0.00004,0.00000,0.00000,0.00108,0.00430
1700000005.356986284255981,0.00230,0.00011,0.00000,0.00000,0.00000,0.00113,0.00354
1700000005.390891313552856,0.00318,0.00018,0.00009,0.00000,0.00000,0.00209,0.00554
1700000005.424796342849731,0.00249,0.00012,0.00031,0.00000,0.00000,0.00140,0.00433
1700000005.458701372146606,0.00319,0.00009,0.00008,0.00000,0.00000,0.00119,0.00455
1700000005.492606163024902,0.00321,0.00018,0.00051,0.00000,0.00000,0.00131,0.00521
1700000005.526511192321777,0.00244,0.00013,0.00046,0.00000,0.00000,0.00117,0.00419
1700000005.560416221618652,0.00266,0.00012,0.00070,0.00000,0.00000,0.00118,0.00465
1700000005.594321250915527,0.00331,0.00012,0.00124,0.00000,0.00000,0.00169,0.00636
1700000005.628226280212402,0.00381,0.00016,0.00009,0.00000,0.00000,0.00271,0.00678
1700000005.662131071090698,0.00338,0.00010,0.00005,0.00000,0.00000,0.00113,0.00467
1700000005.696036100387573,0.00324,0.00018,0.00044,0.00000,0.00000,0.00114,0.00501
1700000005.729941129684448,0.00374,0.00016,0.00010,0.00000,0.00000,0.00234,0.00633
1700000005.763846158981323,0.00308,0.00013,0.00016,0.00000,0.00000,0.00115,0.00452
1700000005.797750949859619,0.00378,0.00017,0.00025,0.00000,0.00000,0.00134,0.00553
1700000005.831655979156494,0.00304,0.00013,0.00011,0.00000,0.00000,0.00121,0.00450
1700000005.865561008453369,0.00347,0.00018,0.00029,0.00000,0.00000,0.00227,0.00621
1700000005.899466037750244,0.00307,0.00015,0.00081,0.00000,0.00000,0.00228,0.00632
1700000005.933371067047119,0.00316,0.00017,0.00078,0.00000,0.00000,0.00209,0.00619
1700000005.967275857925415,0.00288,0.00013,0.00328,0.00000,0.00000,0.00139,0.00768
1700000006.001180887222290,0.00309,0.00013,0.00220,0.00000,0.00000,0.00121,0.00664
1700000006.035085916519165,0.00327,0.00019,0.00067,0.00000,0.00000,0.00114,0.00527
1700000006.068990945816040,0.00241,0.00011,0.00047,0.00000,0.00000,0.00116,0.00415
1700000006.102895736694336,0.00245,0.00011,0.00031,0.00000,0.00000,0.00110,0.00398
1700000006.136800765991211,0.00245,0.00013,0.00024,0.00000,0.00000,0.00110,0.00392
1700000006.170705795288086,0.00328,0.00017,0.00022,0.00000,0.00000,0.00144,0.00511
1700000006.204610824584961,0.00297,0.00014,0.00005,0.00000,0.00000,0.00116,0.00433
1700000006.238515853881836,0.00271,0.00012,0.00011,0.00000,0.00000,0.00109,0.00403
1700000006.272420644760132,0.00377,0.00018,0.00013,0.00000,0.00000,0.00227,0.00635
1700000006.306325674057007,0.00277,0.00010,0.00011,0.00000,0.00000,0.00111,0.00408
1700000006.340230703353882,0.00313,0.00017,0.00018,0.00000,0.00000,0.00235,0.00584
1700000006.374135732650757,0.00221,0.00009,0.00035,0.00000,0.00000,0.00112,0.00377
1700000006.408040761947632,0.00249,0.00014,0.00039,0.00000,0.00000,0.00123,0.00425
1700000006.441945552825928,0.00245,0.00012,0.00008,0.00000,0.00000,0.00107,0.00373
1700000006.475850582122803,0.00253,0.00010,0.00010,0.00000,0.00000,0.00110,0.00383
1700000006.509755611419678,0.00334,0.00018,0.00008,0.00000,0.00000,0.00189,0.00550
1700000006.543660640716553,0.00244,0.00015,0.00007,0.00000,0.00000,0.00112,0.00377
1700000006.577565431594849,0.00356,0.00019,0.00023,0.00000,0.00000,0.00239,0.00638
1700000006.611470460891724,0.00294,0.00014,0.00007,0.00000,0.00000,0.00118,0.00433
1700000006.645375490188599,0.00259,0.00009,0.00010,0.00000,0.00000,0.00108,0.00387
1700000006.679280519485474,0.00324,0.00016,0.00012,0.00000,0.00000,0.00229,0.00581
1700000006.713185548782349,0.00362,0.00019,0.00017,0.00000,0.00000,0.00264,0.00662
1700000006.747090339660645,0.00303,0.00016,0.00021,0.00000,0.00000,0.00236,0.00577
1700000006.780995368957520,0.00242,0.00013,0.00059,0.00000,0.00000,0.00109,0.00423
1700000006.814900398254395,0.00308,0.00011,0.00038,0.00000,0.00000,0.00123,0.00480
1700000006.848805427551270,0.00346,0.00019,0.00015,0.00000,0.00000,0.00235,0.00615
1700000006.882710218429565,0.00354,0.00020,0.00021,0.00000,0.00000,0.00187,0.00582
1700000006.916615247726440,0.00323,0.00012,0.00006,0.00000,0.00000,0.00126,0.00467
1700000006.950520277023315,0.00232,0.00012,0.00004,0.00000,0.00003,0.00111,0.00362
1700000006.984425306320190,0.00314,0.00019,0.00006,0.00000,0.00059,0.00168,0.00565
1700000007.018330335617065,0.00351,0.00023,0.00012,0.00012,0.00004,0.00240,0.00642
1700000007.052235126495361,0.00261,0.00010,0.00005,0.00006,0.00005,0.00118,0.00406
1700000007.086140155792236,0.00264,0.00012,0.00005,0.00005,0.00003,0.00110,0.00399
1700000007.120045185089111,0.00281,0.00010,0.00001,0.00005,0.00007,0.00114,0.00417
1700000007.153950214385986,0.00273,0.00010,0.00001,0.00005,0.00008,0.00109,0.00406
1700000007.187855243682861,0.00286,0.00012,0.00001,0.00005,0.00035,0.00119,0.00458
1700000007.221760034561157,0.00312,0.00019,0.00008,0.00007,0.00069,0.00234,0.00649
1700000007.255665063858032,0.00302,0.00022,0.00002,0.00009,0.00016,0.00259,0.00611
1700000007.289570093154907,0.00301,0.00012,0.00001,0.00006,0.00011,0.00132,0.00462
1700000007.323474884033203,0.00307,0.00020,0.00002,0.00007,0.00005,0.00231,0.00572
1700000007.357379913330078,0.00299,0.00019,0.00002,0.00007,0.00008,0.00228,0.00563
1700000007.391284942626953,0.00317,0.00013,0.00006,0.00005,0.00014,0.00121,0.00475
1700000007.425189971923828,0.00242,0.00010,0.00000,0.00005,0.00000,0.00112,0.00369
1700000007.459095001220703,0.00277,0.00013,0.00001,0.00005,0.00013,0.00116,0.00424
1700000007.492999792098999,0.00348,0.00019,0.00002,0.00007,0.00010,0.00244,0.00632
1700000007.526904821395874,0.00355,0.00020,0.00008,0.00007,0.00013,0.00169,0.00573
1700000007.560809850692749,0.00318,0.00015,0.00002,0.00009,0.00008,0.00119,0.00471
1700000007.594714879989624,0.00318,0.00020,0.00010,0.00007,0.00071,0.00230,0.00655
1700000007.628619670867920,0.00247,0.00014,0.00005,0.00006,0.00029,0.00110,0.00411
1700000007.662524700164795,0.00335,0.00018,0.00005,0.00007,0.00010,0.00227,0.00602
1700000007.696429729461670,0.00270,0.00011,0.00004,0.00006,0.00008,0.00116,0.00416
1700000007.730334758758545,0.00307,0.00014,0.00002,0.00005,0.00003,0.00118,0.00449
1700000007.764239788055420,0.00338,0.00018,0.00002,0.00008,0.00010,0.00195,0.00572
1700000007.798144578933716,0.00256,0.00011,0.00002,0.00005,0.00054,0.00106,0.00433
1700000007.832049608230591,0.00256,0.00011,0.00003,0.00008,0.00000,0.00119,0.00397
1700000007.865954637527466,0.00313,0.00011,0.00005,0.00004,0.00007,0.00110,0.00451
1700000007.899859666824341,0.00261,0.00015,0.00001,0.00005,0.00030,0.00112,0.00423
1700000007.933764696121216,0.00243,0.00011,0.00004,0.00006,0.00034,0.00159,0.00456
1700000007.967669486999512,0.00329,0.00018,0.00003,0.00021,0.00035,0.00127,0.00532
1700000008.001574516296387,0.00314,0.00019,0.00011,0.00018,0.00453,0.00232,0.01047
1700000008.035479545593262,0.00309,0.00020,0.00009,0.00058,0.00186,0.00111,0.00695
1700000008.069384574890137,0.00325,0.00015,0.00007,0.00055,0.00064,0.00146,0.00613
1700000008.103289365768433,0.00349,0.00020,0.00003,0.00124,0.00015,0.00269,0.00780
1700000008.137194395065308,0.00279,0.00017,0.00002,0.00076,0.00039,0.00158,0.00571
1700000008.171099424362183,0.00315,0.00022,0.00009,0.00151,0.00011,0.00262,0.00771
1700000008.205004453659058,0.00319,0.00021,0.00008,0.00144,0.00014,0.00226,0.00733
1700000008.238909482955933,0.00325,0.00022,0.00002,0.00142,0.00006,0.00140,0.00637
1700000008.272814273834229,0.00332,0.00021,0.00003,0.00144,0.00018,0.00239,0.00757
1700000008.306719303131104,0.00309,0.00019,0.00003,0.00144,0.00017,0.00146,0.00638
1700000008.340624332427979,0.00283,0.00017,0.00004,0.00082,0.00006,0.00119,0.00511
1700000008.374529361724854,0.00308,0.00014,0.00002,0.00079,0.00007,0.00122,0.00532
1700000008.408434152603149,0.00321,0.00022,0.00010,0.00125,0.00033,0.00237,0.00749
1700000008.442339181900024,0.00335,0.00022,0.00004,0.00125,0.00054,0.00242,0.00783
1700000008.476244211196899,0.00268,0.00016,0.00005,0.00068,0.00010,0.00112,0.00479
1700000008.510149240493774,0.00345,0.00027,0.00002,0.00075,0.00008,0.00124,0.00581
1700000008.544054269790649,0.00242,0.00017,0.00001,0.00068,0.00003,0.00106,0.00438
1700000008.577959060668945,0.00280,0.00017,0.00001,0.00072,0.00006,0.00115,0.00491
1700000008.611864089965820,0.00233,0.00013,0.00003,0.00065,0.00006,0.00107,0.00427
1700000008.645769119262695,0.00300,0.00022,0.00005,0.00128,0.00005,0.00125,0.00584
1700000008.679674148559570,0.00310,0.00020,0.00008,0.00128,0.00015,0.00231,0.00713
1700000008.713579177856445,0.00368,0.00021,0.00011,0.00125,0.00016,0.00233,0.00775
1700000008.747483968734741,0.00277,0.00018,0.00004,0.00075,0.00005,0.00122,0.00501
1700000008.781388998031616,0.00355,0.00023,0.00007,0.00117,0.00013,0.00229,0.00745
1700000008.815294027328491,0.00330,0.00023,0.00010,0.00084,0.00017,0.00122,0.00586
1700000008.849199056625366,0.00270,0.00015,0.00006,0.00066,0.00021,0.00110,0.00488
1700000008.883103847503662,0.00312,0.00023,0.00009,0.00119,0.00073,0.00239,0.00775
1700000008.917008876800537,0.00338,0.00022,0.00006,0.00126,0.00014,0.00175,0.00682
1700000008.950913906097412,0.00387,0.00023,0.00006,0.00126,0.00005,0.00180,0.00727
1700000008.984818935394287,0.00420,0.00022,0.00009,0.00096,0.00040,0.00111,0.00698
1700000009.018723964691162,0.00320,0.00015,0.00004,0.00080,0.00004,0.00137,0.00560
1700000009.052628755569458,0.00328,0.00022,0.00002,0.00143,0.00000,0.00241,0.00737
1700000009.086533784866333,0.00314,0.00024,0.00011,0.00126,0.00013,0.00236,0.00724
1700000009.120438814163208,0.00312,0.00021,0.00006,0.00125,0.00130,0.00237,0.00831
1700000009.154343843460083,0.00303,0.00022,0.00003,0.00146,0.00013,0.00139,0.00626
1700000009.188248634338379,0.00302,0.00025,0.00007,0.00149,0.00013,0.00232,0.00729
1700000009.222153663635254,0.00320,0.00020,0.00003,0.00150,0.00038,0.00228,0.00759
1700000009.256058692932129,0.00293,0.00023,0.00002,0.00144,0.00026,0.00130,0.00619
1700000009.289963722229004,0.00296,0.00022,0.00003,0.00151,0.00013,0.00137,0.00622
1700000009.323868751525879,0.00289,0.00023,0.00002,0.00144,0.00011,0.00119,0.00588
1700000009.357773542404175,0.00301,0.00021,0.00003,0.00150,0.00014,0.00238,0.00727
1700000009.391678571701050,0.00321,0.00021,0.00001,0.00151,0.00011,0.00233,0.00739
1700000009.425583600997925,0.00296,0.00025,0.00002,0.00154,0.00012,0.00227,0.00716
1700000009.459488630294800,0.00313,0.00022,0.00009,0.00151,0.00000,0.00227,0.00723
1700000009.493393659591675,0.00333,0.00023,0.00003,0.00154,0.00022,0.00132,0.00668
1700000009.527298450469971,0.00249,0.00015,0.00002,0.00085,0.00015,0.00119,0.00485
1700000009.561203479766846,0.00339,0.00023,0.00008,0.00143,0.00012,0.00128,0.00654
1700000009.595108509063721,0.00266,0.00012,0.00004,0.00082,0.00007,0.00114,0.00484
1700000009.629013538360596,0.00315,0.00022,0.00008,0.00163,0.00038,0.00228,0.00775
1700000009.662918329238892,0.00360,0.00017,0.00005,0.00085,0.00024,0.00116,0.00607
1700000009.696823358535767,0.00320,0.00023,0.00003,0.00119,0.00004,0.00128,0.00598
1700000009.730728387832642,0.00356,0.00022,0.00003,0.00155,0.00022,0.00251,0.00809
1700000009.764633417129517,0.00330,0.00022,0.00007,0.00148,0.00007,0.00122,0.00636
1700000009.798538446426392,0.00323,0.00021,0.00015,0.00140,0.00008,0.00227,0.00733
1700000009.832443237304688,0.00272,0.00016,0.00006,0.00077,0.00003,0.00115,0.00489
1700000009.866348266601562,0.00355,0.00022,0.00009,0.00142,0.00071,0.00198,0.00797
1700000009.900253295898438,0.00294,0.00017,0.00002,0.00092,0.00006,0.00125,0.00536
1700000009.934158325195312,0.00335,0.00024,0.00021,0.00123,0.00022,0.00236,0.00761
1700000009.968063116073608,0.00317,0.00022,0.00015,0.00109,0.00015,0.00133,0.00611
1700000010.001968145370483,0.00257,0.00012,0.00002,0.00059,0.00006,0.00113,0.00449
1700000010.035873174667358,0.00248,0.00015,0.00004,0.00058,0.00016,0.00108,0.00449
1700000010.069778203964233,0.00345,0.00023,0.00006,0.00108,0.00044,0.00237,0.00763
1700000010.103683233261108,0.00321,0.00017,0.00002,0.00061,0.00004,0.00123,0.00528
1700000010.137588024139404,0.00276,0.00014,0.00006,0.00061,0.00008,0.00149,0.00515
1700000010.171493053436279,0.00331,0.00023,0.00013,0.00112,0.00007,0.00230,0.00715
1700000010.205398082733154,0.00332,0.00021,0.00008,0.00107,0.00065,0.00224,0.00757
1700000010.239303112030029,0.00319,0.00024,0.00007,0.00119,0.00014,0.00234,0.00718
1700000010.273208141326904,0.00299,0.00021,0.00007,0.00126,0.00005,0.00234,0.00691
1700000010.307112932205200,0.00249,0.00015,0.00004,0.00064,0.00004,0.00120,0.00456
1700000010.341017961502075,0.00312,0.00024,0.00006,0.00118,0.00014,0.00234,0.00708
1700000010.374922990798950,0.00245,0.00016,0.00001,0.00062,0.00007,0.00112,0.00443
1700000010.408828020095825,0.00240,0.00012,0.00002,0.00063,0.00005,0.00102,0.00424
1700000010.442732810974121,0.00245,0.00015,0.00001,0.00062,0.00019,0.00117,0.00460
1700000010.476637840270996,0.00305,0.00022,0.00006,0.00125,0.00045,0.00246,0.00748
1700000010.510542869567871,0.00215,0.00018,0.00001,0.00065,0.00007,0.00110,0.00416
1700000010.544447898864746,0.00309,0.00022,0.00001,0.00117,0.00020,0.00225,0.00695
1700000010.578352928161621,0.00345,0.00018,0.00002,0.00077,0.00007,0.00132,0.00581
1700000010.612257719039917,0.00330,0.00023,0.00002,0.00124,0.00008,0.00220,0.00707
1700000010.646162748336792,0.00290,0.00015,0.00004,0.00066,0.00006,0.00117,0.00497
1700000010.680067777633667,0.00238,0.00014,0.00004,0.00065,0.00002,0.00113,0.00437
1700000010.713972568511963,0.00309,0.00023,0.00007,0.00117,0.00013,0.00223,0.00693
1700000010.747877597808838,0.00312,0.00022,0.00006,0.00093,0.00008,0.00131,0.00573
1700000010.781782627105713,0.00303,0.00017,0.00005,0.00063,0.00005,0.00111,0.00504
1700000010.815687656402588,0.00306,0.00022,0.00003,0.00118,0.00011,0.00207,0.00666
1700000010.849592685699463,0.00313,0.00022,0.00008,0.00124,0.00048,0.00145,0.00660
1700000010.883497476577759,0.00334,0.00022,0.00005,0.00115,0.00046,0.00228,0.00750
1700000010.917402505874634,0.00299,0.00015,0.00002,0.00064,0.00006,0.00118,0.00503
1700000010.951307535171509,0.00253,0.00015,0.00004,0.00064,0.00009,0.00112,0.00457
1700000010.985212564468384,0.00324,0.00017,0.00005,0.00064,0.00005,0.00118,0.00532
1700000011.019117355346680,0.00322,0.00023,0.00003,0.00119,0.00009,0.00228,0.00704
1700000011.053022384643555,0.00273,0.00014,0.00002,0.00070,0.00006,0.00125,0.00491
1700000011.086927413940430,0.00244,0.00016,0.00002,0.00068,0.00003,0.00114,0.00447
1700000011.120832443237305,0.00339,0.00022,0.00017,0.00071,0.00008,0.00129,0.00586
1700000011.154737472534180,0.00320,0.00022,0.00003,0.00119,0.00008,0.00114,0.00586
1700000011.188642263412476,0.00255,0.00016,0.00002,0.00065,0.00006,0.00116,0.00460
1700000011.222547292709351,0.00251,0.00013,0.00002,0.00060,0.00006,0.00110,0.00443
1700000011.256452322006226,0.00307,0.00021,0.00003,0.00118,0.00113,0.00170,0.00733
1700000011.290357351303101,0.00316,0.00015,0.00002,0.00079,0.00033,0.00123,0.00569
1700000011.324262380599976,0.00288,0.00016,0.00002,0.00082,0.00006,0.00133,0.00527
1700000011.358167171478271,0.00337,0.00018,0.00005,0.00081,0.00014,0.00148,0.00602
1700000011.392072200775146,0.00250,0.00018,0.00002,0.00070,0.00006,0.00120,0.00465
1700000011.425977230072021,0.00253,0.00012,0.00006,0.00064,0.00003,0.00118,0.00457
1700000011.459882259368896,0.00243,0.00016,0.00002,0.00065,0.00005,0.00119,0.00451
1700000011.493787050247192,0.00305,0.00027,0.00004,0.00136,0.00010,0.00292,0.00774
1700000011.527692079544067,0.00323,0.00024,0.00003,0.00119,0.00011,0.00230,0.00710
1700000011.561597108840942,0.00336,0.00022,0.00007,0.00120,0.00007,0.00212,0.00705
1700000011.595502138137817,0.00314,0.00020,0.00004,0.00122,0.00012,0.00238,0.00711
1700000011.629407167434692,0.00229,0.00012,0.00002,0.00063,0.00006,0.00109,0.00422
1700000011.663311958312988,0.00302,0.00022,0.00006,0.00115,0.00039,0.00126,0.00610
1700000011.697216987609863,0.00283,0.00017,0.00002,0.00066,0.00030,0.00112,0.00510
1700000011.731122016906738,0.00258,0.00018,0.00003,0.00067,0.00007,0.00153,0.00506
1700000011.765027046203613,0.00322,0.00024,0.00003,0.00119,0.00023,0.00232,0.00723
1700000011.798931837081909,0.00343,0.00022,0.00011,0.00060,0.00008,0.00127,0.00572
1700000011.832836866378784,0.00373,0.00020,0.00005,0.00064,0.00003,0.00134,0.00600
1700000011.866741895675659,0.00370,0.00015,0.00012,0.00033,0.00004,0.00112,0.00547
1700000011.900646924972534,0.00245,0.00016,0.00008,0.00033,0.00003,0.00104,0.00409
1700000011.934551954269409,0.00277,0.00012,0.00003,0.00036,0.00005,0.00114,0.00447
1700000011.968456745147705,0.00269,0.00010,0.00007,0.00028,0.00003,0.00119,0.00437
1700000012.002361774444580,0.00307,0.00015,0.00010,0.00029,0.00032,0.00115,0.00509
1700000012.036266803741455,0.00318,0.00022,0.00012,0.00059,0.00057,0.00232,0.00699
1700000012.070171833038330,0.00273,0.00014,0.00006,0.00036,0.00168,0.00122,0.00620
1700000012.104076862335205,0.00349,0.00022,0.00010,0.00111,0.00243,0.00242,0.00978
1700000012.137981653213501,0.00308,0.00014,0.00008,0.00084,0.00065,0.00123,0.00601
1700000012.171886682510376,0.00345,0.00023,0.00011,0.00158,0.00041,0.00126,0.00704
1700000012.205791711807251,0.00362,0.00037,0.00004,0.00208,0.00013,0.00243,0.00866
1700000012.239696741104126,0.00336,0.00024,0.00009,0.00165,0.00042,0.00128,0.00704
1700000012.273601531982422,0.00332,0.00012,0.00004,0.00107,0.00298,0.00115,0.00869
1700000012.307506561279297,0.00276,0.00018,0.00005,0.00155,0.00042,0.00115,0.00611
1700000012.341411590576172,0.00297,0.00023,0.00007,0.00266,0.00145,0.00232,0.00969
1700000012.375316619873047,0.00297,0.00024,0.00003,0.00307,0.00083,0.00225,0.00940
1700000012.409221649169922,0.00299,0.00025,0.00006,0.00312,0.00153,0.00227,0.01022
1700000012.443126440048218,0.00341,0.00028,0.00011,0.00330,0.00016,0.00200,0.00926
1700000012.477031469345093,0.00347,0.00028,0.00003,0.00238,0.00009,0.00136,0.00760
1700000012.510936498641968,0.00250,0.00018,0.00005,0.00171,0.00013,0.00112,0.00570
1700000012.544841527938843,0.00241,0.00016,0.00004,0.00264,0.00004,0.00110,0.00639
1700000012.578746557235718,0.00237,0.00015,0.00004,0.00168,0.00006,0.00119,0.00549
1700000012.612651348114014,0.00351,0.00024,0.00011,0.00246,0.00010,0.00119,0.00759
1700000012.646556377410889,0.00314,0.00026,0.00007,0.00334,0.00010,0.00130,0.00821
1700000012.680461406707764,0.00297,0.00020,0.00002,0.00177,0.00006,0.00117,0.00620
1700000012.714366436004639,0.00327,0.00027,0.00005,0.00324,0.00004,0.00154,0.00842
1700000012.748271226882935,0.00250,0.00016,0.00004,0.00170,0.00003,0.00118,0.00562
1700000012.782176256179810,0.00351,0.00026,0.00002,0.00307,0.00008,0.00235,0.00928
1700000012.816081285476685,0.00235,0.00018,0.00006,0.00165,0.00005,0.00110,0.00540
1700000012.849986314773560,0.00307,0.00026,0.00007,0.00303,0.00025,0.00180,0.00847
1700000012.883891344070435,0.00316,0.00024,0.00006,0.00304,0.00013,0.00240,0.00902
1700000012.917796134948730,0.00298,0.00026,0.00007,0.00320,0.00020,0.00235,0.00906
1700000012.951701164245605,0.00376,0.00015,0.00008,0.00160,0.00004,0.00168,0.00730
1700000012.985606193542480,0.00308,0.00018,0.00005,0.00164,0.00005,0.00112,0.00612
1700000013.019511222839355,0.00343,0.00026,0.00006,0.00194,0.00053,0.00126,0.00748
1700000013.053416013717651,0.00356,0.00024,0.00003,0.00233,0.00003,0.00131,0.00750
1700000013.087321043014526,0.00302,0.00022,0.00011,0.00206,0.00010,0.00127,0.00678
1700000013.121226072311401,0.00323,0.00025,0.00011,0.00225,0.00004,0.00127,0.00716
1700000013.155131101608276,0.00320,0.00023,0.00008,0.00274,0.00017,0.00141,0.00782
1700000013.189036130905151,0.00295,0.00018,0.00005,0.00152,0.00004,0.00122,0.00597
1700000013.222940921783447,0.00329,0.00018,0.00006,0.00151,0.00004,0.00126,0.00634
1700000013.256845951080322,0.00331,0.00026,0.00002,0.00278,0.00164,0.00236,0.01037
1700000013.290750980377197,0.00309,0.00023,0.00005,0.00289,0.00014,0.00203,0.00843
1700000013.324656009674072,0.00293,0.00025,0.00005,0.00289,0.00010,0.00114,0.00738
1700000013.358561038970947,0.00249,0.00018,0.00009,0.00151,0.00015,0.00115,0.00557
1700000013.392465829849243,0.00272,0.00017,0.00003,0.00155,0.00044,0.00119,0.00611
1700000013.426370859146118,0.00289,0.00027,0.00002,0.00307,0.00025,0.00254,0.00904
1700000013.460275888442993,0.00264,0.00018,0.00011,0.00158,0.00004,0.00130,0.00585
1700000013.494180917739868,0.00278,0.00013,0.00006,0.00144,0.00010,0.00120,0.00571
1700000013.528085708618164,0.00305,0.00025,0.00002,0.00206,0.00003,0.00132,0.00673
1700000013.561990737915039,0.00299,0.00023,0.00002,0.00271,0.00025,0.00216,0.00836
1700000013.595895767211914,0.00258,0.00019,0.00001,0.00151,0.00005,0.00121,0.00556
1700000013.629800796508789,0.00262,0.00014,0.00002,0.00145,0.00007,0.00113,0.00543
1700000013.663705825805664,0.00290,0.00025,0.00002,0.00285,0.00015,0.00234,0.00851
1700000013.697610616683960,0.00303,0.00023,0.00002,0.00280,0.00014,0.00232,0.00855
1700000013.731515645980835,0.00250,0.00018,0.00002,0.00143,0.00010,0.00113,0.00536
1700000013.765420675277710,0.00335,0.00015,0.00001,0.00160,0.00020,0.00163,0.00694
1700000013.799325704574585,0.00255,0.00017,0.00001,0.00140,0.00004,0.00121,0.00539
1700000013.833230495452881,0.00331,0.00024,0.00013,0.00231,0.00021,0.00247,0.00868
1700000013.867135524749756,0.00307,0.00026,0.00009,0.00177,0.00007,0.00124,0.00649
1700000013.901040554046631,0.00274,0.00015,0.00007,0.00150,0.00011,0.00116,0.00574
1700000013.934945583343506,0.00344,0.00033,0.00008,0.00275,0.00005,0.00188,0.00852
1700000013.968850612640381,0.00264,0.00014,0.00001,0.00147,0.00011,0.00124,0.00561
1700000014.002755403518677,0.00314,0.00025,0.00006,0.00284,0.00013,0.00243,0.00885
1700000014.036660432815552,0.00300,0.00023,0.00002,0.00225,0.00008,0.00135,0.00693
1700000014.070565462112427,0.00304,0.00014,0.00001,0.00149,0.00007,0.00115,0.00590
1700000014.104470491409302,0.00321,0.00014,0.00002,0.00149,0.00007,0.00114,0.00607
1700000014.138375520706177,0.00272,0.00015,0.00004,0.00152,0.00009,0.00120,0.00573
1700000014.172280311584473,0.00256,0.00016,0.00001,0.00144,0.00015,0.00112,0.00544
1700000014.206185340881348,0.00311,0.00015,0.00005,0.00144,0.00005,0.00118,0.00598
1700000014.240090370178223,0.00340,0.00019,0.00003,0.00150,0.00010,0.00118,0.00639
1700000014.273995399475098,0.00273,0.00018,0.00005,0.00142,0.00009,0.00111,0.00558
1700000014.307900190353394,0.00326,0.00025,0.00002,0.00275,0.00027,0.00154,0.00809
1700000014.341805219650269,0.00317,0.00026,0.00003,0.00199,0.00003,0.00133,0.00680
1700000014.375710248947144,0.00333,0.00022,0.00015,0.00242,0.00012,0.00134,0.00757
1700000014.409615278244019,0.00312,0.00025,0.00007,0.00263,0.00005,0.00274,0.00886
1700000014.443520307540894,0.00356,0.00025,0.00007,0.00144,0.00003,0.00121,0.00657
1700000014.477425098419189,0.00258,0.00017,0.00008,0.00136,0.00009,0.00106,0.00535
1700000014.511330127716064,0.00281,0.00018,0.00004,0.00151,0.00008,0.00119,0.00583
1700000014.545235157012939,0.00363,0.00017,0.00002,0.00136,0.00008,0.00108,0.00634
1700000014.579139947891235,0.00277,0.00016,0.00005,0.00139,0.00011,0.00107,0.00554
1700000014.613044977188110,0.00316,0.00026,0.00003,0.00274,0.00014,0.00231,0.00865
1700000014.646950006484985,0.00310,0.00027,0.00003,0.00263,0.00012,0.00152,0.00767
1700000014.680855035781860,0.00333,0.00025,0.00003,0.00272,0.00014,0.00242,0.00889
1700000014.714760065078735,0.00292,0.00014,0.00005,0.00141,0.00011,0.00120,0.00583
1700000014.748664855957031,0.00261,0.00017,0.00005,0.00140,0.00005,0.00123,0.00551
1700000014.782569885253906,0.00295,0.00024,0.00007,0.00264,0.00021,0.00230,0.00841
1700000014.816474914550781,0.00270,0.00014,0.00001,0.00138,0.00003,0.00118,0.00545
1700000014.850379943847656,0.00240,0.00015,0.00005,0.00141,0.00005,0.00113,0.00520
1700000014.884284734725952,0.00248,0.00014,0.00004,0.00144,0.00009,0.00127,0.00546
1700000014.918189764022827,0.00320,0.00024,0.00012,0.00265,0.00016,0.00152,0.00789
1700000014.952094793319702,0.00327,0.00025,0.00015,0.00273,0.00016,0.00140,0.00798
1700000014.985999822616577,0.00330,0.00024,0.00010,0.00263,0.00013,0.00230,0.00870
1700000015.019904851913452,0.00325,0.00024,0.00002,0.00220,0.00008,0.00115,0.00695
1700000015.053809642791748,0.00308,0.00025,0.00007,0.00248,0.00011,0.00128,0.00728
1700000015.087714672088623,0.00300,0.00023,0.00006,0.00262,0.00074,0.00120,0.00787
1700000015.121619701385498,0.00305,0.00024,0.00002,0.00168,0.00013,0.00134,0.00646
1700000015.155524730682373,0.00330,0.00023,0.00007,0.00251,0.00004,0.00183,0.00799
1700000015.189429759979248,0.00265,0.00014,0.00004,0.00138,0.00009,0.00151,0.00582
1700000015.223334550857544,0.00333,0.00025,0.00012,0.00225,0.00003,0.00180,0.00779
1700000015.257239580154419,0.00352,0.00027,0.00002,0.00165,0.00005,0.00165,0.00716
1700000015.291144609451294,0.00310,0.00013,0.00002,0.00138,0.00047,0.00168,0.00679
1700000015.325049638748169,0.00312,0.00024,0.00002,0.00277,0.00013,0.00300,0.00928
1700000015.358954429626465,0.00300,0.00015,0.00008,0.00151,0.00014,0.00174,0.00662
1700000015.392859458923340,0.00335,0.00023,0.00003,0.00271,0.00014,0.00311,0.00957
1700000015.426764488220215,0.00336,0.00024,0.00009,0.00191,0.00012,0.00238,0.00810
1700000015.460669517517090,0.00360,0.00024,0.00002,0.00205,0.00010,0.00171,0.00772
1700000015.494574546813965,0.00244,0.00014,0.00004,0.00146,0.00002,0.00184,0.00594
1700000015.528479337692261,0.00280,0.00017,0.00002,0.00144,0.00010,0.00163,0.00615
1700000015.562384366989136,0.00257,0.00015,0.00001,0.00146,0.00005,0.00179,0.00604
1700000015.596289396286011,0.00281,0.00015,0.00002,0.00145,0.00010,0.00165,0.00620
1700000015.630194425582886,0.00326,0.00013,0.00001,0.00147,0.00005,0.00189,0.00682
1700000015.664099216461182,0.00294,0.00024,0.00002,0.00268,0.00011,0.00305,0.00904
1700000015.698004245758057,0.00319,0.00024,0.00002,0.00224,0.00012,0.00184,0.00766
1700000015.731909275054932,0.00307,0.00026,0.00002,0.00251,0.00011,0.00168,0.00765
1700000015.765814304351807,0.00318,0.00024,0.00006,0.00273,0.00035,0.00246,0.00902
1700000015.799719333648682,0.00249,0.00014,0.00001,0.00144,0.00007,0.00154,0.00569
1700000015.833624124526978,0.00327,0.00022,0.00002,0.00202,0.00007,0.00180,0.00739
1700000015.867529153823853,0.00271,0.00016,0.00002,0.00143,0.00009,0.00164,0.00604
1700000015.901434183120728,0.00319,0.00025,0.00002,0.00267,0.00005,0.00207,0.00825
1700000015.935339212417603,0.00304,0.00024,0.00002,0.00268,0.00018,0.00293,0.00909
1700000015.969244241714478,0.00329,0.00017,0.00002,0.00159,0.00006,0.00210,0.00723
1700000016.003149032592773,0.00311,0.00027,0.00009,0.00269,0.00022,0.00306,0.00943
1700000016.037054061889648,0.00348,0.00019,0.00005,0.00175,0.00006,0.00195,0.00748
1700000016.070959091186523,0.00265,0.00016,0.00001,0.00148,0.00004,0.00157,0.00591
1700000016.104864120483398,0.00329,0.00024,0.00002,0.00272,0.00022,0.00243,0.00892
1700000016.138768911361694,0.00306,0.00023,0.00003,0.00277,0.00012,0.00166,0.00787
1700000016.172673940658569,0.00324,0.00023,0.00002,0.00271,0.00035,0.00350,0.01004
1700000016.206578969955444,0.00310,0.00022,0.00002,0.00266,0.00013,0.00300,0.00913
1700000016.240483999252319,0.00348,0.00024,0.00002,0.00220,0.00008,0.00195,0.00798
1700000016.274389028549194,0.00260,0.00016,0.00001,0.00148,0.00010,0.00152,0.00588
1700000016.308293819427490,0.00308,0.00015,0.00001,0.00152,0.00003,0.00168,0.00647
1700000016.342198848724365,0.00336,0.00019,0.00002,0.00241,0.00017,0.00278,0.00894
1700000016.376103878021240,0.00255,0.00015,0.00001,0.00141,0.00004,0.00170,0.00587
1700000016.410008907318115,0.00248,0.00015,0.00012,0.00132,0.00011,0.00152,0.00570
1700000016.443913698196411,0.00350,0.00024,0.00008,0.00248,0.00010,0.00240,0.00881
1700000016.477818727493286,0.00323,0.00022,0.00002,0.00243,0.00005,0.00185,0.00780
1700000016.511723756790161,0.00374,0.00026,0.00011,0.00260,0.00024,0.00267,0.00962
1700000016.545628786087036,0.00272,0.00014,0.00004,0.00137,0.00011,0.00161,0.00599
1700000016.579533815383911,0.00269,0.00015,0.00004,0.00133,0.00013,0.00176,0.00610
1700000016.613438606262207,0.00320,0.00022,0.00006,0.00225,0.00008,0.00165,0.00746
1700000016.647343635559082,0.00359,0.00024,0.00009,0.00251,0.00077,0.00201,0.00922
1700000016.681248664855957,0.00254,0.00013,0.00007,0.00139,0.00045,0.00156,0.00613
1700000016.715153694152832,0.00364,0.00023,0.00008,0.00289,0.00005,0.00312,0.01001
1700000016.749058723449707,0.00350,0.00025,0.00009,0.00276,0.00092,0.00276,0.01029
1700000016.782963514328003,0.00361,0.00024,0.00011,0.00182,0.00003,0.00135,0.00717
1700000016.816868543624878,0.00315,0.00026,0.00012,0.00278,0.00349,0.00299,0.01279
1700000016.850773572921753,0.00347,0.00026,0.00006,0.00253,0.00048,0.00128,0.00808
1700000016.884678602218628,0.00356,0.00024,0.00010,0.00242,0.00003,0.00122,0.00757
1700000016.918583393096924,0.00341,0.00026,0.00017,0.00235,0.00120,0.00134,0.00874
1700000016.952488422393799,0.00272,0.00014,0.00010,0.00183,0.00048,0.00126,0.00654
1700000016.986393451690674,0.00323,0.00028,0.00020,0.00330,0.00233,0.00167,0.01101
1700000017.020298480987549,0.00378,0.00025,0.00013,0.00249,0.00133,0.00133,0.00931
1700000017.054203510284424,0.00285,0.00020,0.00051,0.00212,0.00088,0.00129,0.00785
1700000017.088108301162720,0.00374,0.00027,0.00102,0.00272,0.00057,0.00190,0.01022
1700000017.122013330459595,0.00343,0.00026,0.00015,0.00290,0.00003,0.00168,0.00846
1700000017.155918359756470,0.00345,0.00026,0.00010,0.00401,0.00011,0.00320,0.01113
1700000017.189823389053345,0.00321,0.00028,0.00019,0.00298,0.00051,0.00171,0.00888
1700000017.223728179931641,0.00363,0.00029,0.00008,0.00391,0.00094,0.00235,0.01120
1700000017.257633209228516,0.00330,0.00028,0.00011,0.00303,0.00006,0.00139,0.00817
1700000017.291538238525391,0.00313,0.00027,0.00014,0.00319,0.00000,0.00131,0.00804
1700000017.325443267822266,0.00282,0.00020,0.00006,0.00232,0.00007,0.00143,0.00690
1700000017.359348297119141,0.00318,0.00029,0.00018,0.00379,0.00007,0.00134,0.00886
1700000017.393253087997437,0.00341,0.00028,0.00010,0.00287,0.00007,0.00134,0.00807
1700000017.427158117294312,0.00320,0.00027,0.00011,0.00343,0.00007,0.00122,0.00830
1700000017.461063146591187,0.00306,0.00016,0.00008,0.00220,0.00005,0.00125,0.00680
1700000017.494968175888062,0.00317,0.00026,0.00032,0.00302,0.00006,0.00128,0.00811
1700000017.528873205184937,0.00303,0.00028,0.00007,0.00398,0.00000,0.00137,0.00872
1700000017.562777996063232,0.00312,0.00027,0.00016,0.00391,0.00009,0.00178,0.00934
1700000017.596683025360107,0.00370,0.00031,0.00008,0.00235,0.00006,0.00125,0.00774
1700000017.630588054656982,0.00316,0.00018,0.00002,0.00227,0.00006,0.00129,0.00698
1700000017.664493083953857,0.00350,0.00026,0.00013,0.00358,0.00004,0.00134,0.00885
1700000017.698397874832153,0.00312,0.00027,0.00009,0.00405,0.00010,0.00239,0.01002
1700000017.732302904129028,0.00311,0.00018,0.00006,0.00225,0.00005,0.00122,0.00687
1700000017.766207933425903,0.00333,0.00030,0.00020,0.00398,0.00010,0.00149,0.00939
1700000017.800112962722778,0.00269,0.00016,0.00007,0.00219,0.00005,0.00118,0.00633
1700000017.834017992019653,0.00323,0.00023,0.00089,0.00230,0.00005,0.00145,0.00815
1700000017.867922782897949,0.00358,0.00027,0.00015,0.00337,0.00090,0.00237,0.01064
1700000017.901827812194824,0.00319,0.00026,0.00093,0.00386,0.00006,0.00158,0.00989
1700000017.935732841491699,0.00337,0.00030,0.00034,0.00242,0.00001,0.00119,0.00763
1700000017.969637632369995,0.00371,0.00026,0.00010,0.00327,0.00011,0.00228,0.00973
1700000018.003542661666870,0.00297,0.00018,0.00010,0.00169,0.00005,0.00121,0.00620
1700000018.037447690963745,0.00305,0.00017,0.00011,0.00170,0.00002,0.00114,0.00620
1700000018.071352720260620,0.00336,0.00025,0.00008,0.00303,0.00005,0.00239,0.00916
1700000018.105257749557495,0.00355,0.00031,0.00012,0.00198,0.00000,0.00135,0.00730
1700000018.139162540435791,0.00351,0.00016,0.00058,0.00144,0.00121,0.00188,0.00878
1700000018.173067569732666,0.00268,0.00016,0.00001,0.00163,0.00083,0.00147,0.00679
1700000018.206972599029541,0.00359,0.00025,0.00009,0.00309,0.00010,0.00331,0.01044
1700000018.240877628326416,0.00275,0.00015,0.00010,0.00169,0.00126,0.00159,0.00754
1700000018.274782657623291,0.00322,0.00027,0.00100,0.00345,0.00080,0.00242,0.01116
1700000018.308687448501587,0.00246,0.00017,0.00065,0.00177,0.00125,0.00118,0.00748
1700000018.342592477798462,0.00334,0.00016,0.00009,0.00213,0.00049,0.00245,0.00866
1700000018.376497507095337,0.00301,0.00017,0.00006,0.00207,0.00006,0.00143,0.00680
1700000018.410402536392212,0.00288,0.00019,0.00006,0.00205,0.00128,0.00115,0.00760
1700000018.444307327270508,0.00325,0.00017,0.00049,0.00223,0.00051,0.00134,0.00799
1700000018.478212356567383,0.00381,0.00028,0.00012,0.00259,0.00097,0.00179,0.00955
1700000018.512117385864258,0.00346,0.00021,0.00004,0.00242,0.00000,0.00154,0.00768
1700000018.546022415161133,0.00304,0.00017,0.00084,0.00221,0.00002,0.00177,0.00804
1700000018.579927444458008,0.00335,0.00036,0.00047,0.00216,0.00046,0.00155,0.00835
1700000018.613832235336304,0.00283,0.00017,0.00086,0.00210,0.00002,0.00188,0.00787
1700000018.647737264633179,0.00374,0.00031,0.00093,0.00358,0.00077,0.00147,0.01081
1700000018.681642293930054,0.00314,0.00028,0.00007,0.00266,0.00001,0.00148,0.00763
1700000018.715547323226929,0.00332,0.00029,0.00012,0.00408,0.00172,0.00165,0.01117
1700000018.749452114105225,0.00314,0.00057,0.00006,0.00316,0.00005,0.00205,0.00903
1700000018.783357143402100,0.00281,0.00020,0.00010,0.00233,0.00003,0.00140,0.00688
1700000018.817262172698975,0.00351,0.00027,0.00030,0.00250,0.00006,0.00180,0.00844
1700000018.851167201995850,0.00360,0.00031,0.00050,0.00233,0.00095,0.00152,0.00922
1700000018.885072231292725,0.00350,0.00018,0.00048,0.00218,0.00089,0.00118,0.00841
1700000018.918977022171021,0.00357,0.00019,0.00014,0.00213,0.00000,0.00148,0.00750
1700000018.952882051467896,0.00329,0.00026,0.00025,0.00381,0.00007,0.00198,0.00968
1700000018.986787080764771,0.00325,0.00034,0.00012,0.00381,0.00068,0.00138,0.00959
1700000019.020692110061646,0.00346,0.00028,0.00016,0.00244,0.00007,0.00127,0.00768
1700000019.054597139358521,0.00283,0.00014,0.00009,0.00173,0.00004,0.00185,0.00668
1700000019.088501930236816,0.00351,0.00027,0.00017,0.00289,0.00006,0.00261,0.00950
1700000019.122406959533691,0.00257,0.00017,0.00006,0.00158,0.00047,0.00123,0.00607
1700000019.156311988830566,0.00417,0.00023,0.00038,0.00164,0.00002,0.00155,0.00799
1700000019.190217018127441,0.00382,0.00027,0.00052,0.00199,0.00009,0.00187,0.00857
1700000019.224121809005737,0.00338,0.00015,0.00005,0.00156,0.00008,0.00158,0.00681
1700000019.258026838302612,0.00261,0.00016,0.00011,0.00148,0.00041,0.00126,0.00602
1700000019.291931867599487,0.00350,0.00026,0.00013,0.00249,0.00000,0.00126,0.00764
1700000019.325836896896362,0.00364,0.00024,0.00008,0.00268,0.00010,0.00148,0.00824
1700000019.359741926193237,0.00322,0.00026,0.00019,0.00259,0.00154,0.00197,0.00977
1700000019.393646717071533,0.00345,0.00025,0.00016,0.00280,0.00017,0.00169,0.00852
1700000019.427551746368408,0.00321,0.00025,0.00013,0.00275,0.00013,0.00168,0.00815
1700000019.461456775665283,0.00312,0.00022,0.00009,0.00143,0.00078,0.00120,0.00684
1700000019.495361804962158,0.00395,0.00025,0.00013,0.00271,0.00212,0.00225,0.01141
1700000019.529266595840454,0.00334,0.00027,0.00015,0.00248,0.00091,0.00123,0.00839
1700000019.563171625137329,0.00369,0.00025,0.00007,0.00205,0.00163,0.00134,0.00903
1700000019.597076654434204,0.00309,0.00027,0.00076,0.00302,0.00010,0.00236,0.00960
1700000019.630981683731079,0.00350,0.00026,0.00014,0.00218,0.00129,0.00135,0.00871
1700000019.664886713027954,0.00342,0.00039,0.00006,0.00302,0.00268,0.00129,0.01085
1700000019.698791503906250,0.00279,0.00015,0.00013,0.00195,0.00000,0.00121,0.00623
1700000019.732696533203125,0.00329,0.00031,0.00056,0.00180,0.00085,0.00126,0.00809
1700000019.766601562500000,0.00306,0.00027,0.00019,0.00302,0.00098,0.00126,0.00877
1700000019.800506591796875,0.00299,0.00018,0.00051,0.00198,0.00130,0.00114,0.00810
1700000019.834411621093750,0.00320,0.00027,0.00278,0.00333,0.00106,0.00137,0.01202
1700000019.868316411972046,0.00344,0.00027,0.00163,0.00439,0.00008,0.00252,0.01233
1700000019.902221441268921,0.00330,0.00029,0.00012,0.00320,0.00054,0.00128,0.00873
1700000019.936126470565796,0.00321,0.00034,0.00022,0.00326,0.00004,0.00124,0.00831
1700000019.970031499862671,0.00311,0.00028,0.00002,0.00335,0.00000,0.00124,0.00800
1700000020.003936290740967,0.00318,0.00028,0.00080,0.00441,0.00009,0.00252,0.01128
1700000020.037841320037842,0.00343,0.00028,0.00007,0.00303,0.00004,0.00136,0.00822
1700000020.071746349334717,0.00315,0.00018,0.00002,0.00234,0.00003,0.00120,0.00692
1700000020.105651378631592,0.00267,0.00017,0.00005,0.00253,0.00004,0.00119,0.00665
1700000020.139556407928467,0.00236,0.00019,0.00006,0.00219,0.00000,0.00117,0.00598
1700000020.173461198806763,0.00307,0.00027,0.00008,0.00409,0.00007,0.00256,0.01014
1700000020.207366228103638,0.00348,0.00017,0.00013,0.00247,0.00003,0.00132,0.00761
1700000020.241271257400513,0.00319,0.00027,0.00032,0.00280,0.00007,0.00147,0.00812
1700000020.275176286697388,0.00321,0.00027,0.00027,0.00390,0.00012,0.00238,0.01015
1700000020.309081077575684,0.00353,0.00028,0.00009,0.00223,0.00004,0.00130,0.00747
1700000020.342986106872559,0.00340,0.00028,0.00016,0.00308,0.00009,0.00128,0.00830
1700000020.376891136169434,0.00249,0.00018,0.00004,0.00229,0.00000,0.00121,0.00621
1700000020.410796165466309,0.00369,0.00029,0.00015,0.00391,0.00019,0.00232,0.01055
1700000020.444701194763184,0.00317,0.00038,0.00015,0.00229,0.00006,0.00118,0.00723
1700000020.478605985641479,0.00335,0.00028,0.00008,0.00369,0.00000,0.00229,0.00969
1700000020.512511014938354,0.00324,0.00027,0.00003,0.00387,0.00169,0.00236,0.01147
1700000020.546416044235229,0.00348,0.00028,0.00051,0.00352,0.00001,0.00140,0.00919
1700000020.580321073532104,0.00337,0.00027,0.00007,0.00378,0.00082,0.00238,0.01070
1700000020.614226102828979,0.00305,0.00019,0.00087,0.00185,0.00132,0.00125,0.00853
1700000020.648130893707275,0.00303,0.00020,0.00081,0.00209,0.00090,0.00117,0.00820
1700000020.682035923004150,0.00368,0.00032,0.00150,0.00392,0.00001,0.00156,0.01099
1700000020.715940952301025,0.00334,0.00028,0.00021,0.00250,0.00003,0.00133,0.00770
1700000020.749845981597900,0.00304,0.00019,0.00037,0.00174,0.00084,0.00136,0.00754
1700000020.783750772476196,0.00370,0.00017,0.00007,0.00194,0.00002,0.00119,0.00709
1700000020.817655801773071,0.00315,0.00019,0.00017,0.00183,0.00005,0.00110,0.00650
1700000020.851560831069946,0.00383,0.00016,0.00009,0.00189,0.00095,0.00122,0.00814
1700000020.885465860366821,0.00286,0.00019,0.00011,0.00154,0.00002,0.00110,0.00584
1700000020.919370889663696,0.00382,0.00035,0.00038,0.00280,0.00084,0.00237,0.01056
1700000020.953275680541992,0.00358,0.00029,0.00078,0.00268,0.00087,0.00157,0.00978
1700000020.987180709838867,0.00280,0.00018,0.00007,0.00152,0.00121,0.00115,0.00693
1700000021.021085739135742,0.00326,0.00028,0.00018,0.00403,0.00103,0.00231,0.01111
1700000021.054990768432617,0.00303,0.00017,0.00005,0.00183,0.00086,0.00123,0.00717
1700000021.088895559310913,0.00368,0.00026,0.00084,0.00330,0.00323,0.00258,0.01389
1700000021.122800588607788,0.00325,0.00029,0.00016,0.00376,0.00005,0.00232,0.00982
1700000021.156705617904663,0.00543,0.00028,0.00059,0.00226,0.00084,0.00131,0.01071
1700000021.190610647201538,0.00345,0.00023,0.00011,0.00260,0.00060,0.00127,0.00827
1700000021.224515676498413,0.00432,0.00024,0.00007,0.00395,0.00108,0.00265,0.01231
1700000021.258420467376709,0.00257,0.00019,0.00009,0.00183,0.00047,0.00110,0.00626
1700000021.292325496673584,0.00313,0.00021,0.00004,0.00202,0.00095,0.00138,0.00774
1700000021.326230525970459,0.00253,0.00017,0.00004,0.00210,0.00003,0.00112,0.00600
1700000021.360135316848755,0.00229,0.00017,0.00009,0.00195,0.00094,0.00149,0.00693
1700000021.394040584564209,0.00312,0.00027,0.00002,0.00391,0.00003,0.00121,0.00856
1700000021.427945375442505,0.00274,0.00017,0.00004,0.00226,0.00006,0.00122,0.00649
1700000021.461850404739380,0.00342,0.00027,0.00002,0.00285,0.00006,0.00128,0.00791
1700000021.495755434036255,0.00327,0.00020,0.00002,0.00218,0.00007,0.00124,0.00698
1700000021.529660224914551,0.00283,0.00018,0.00001,0.00207,0.00006,0.00115,0.00630
1700000021.563565254211426,0.00324,0.00027,0.00003,0.00390,0.00008,0.00236,0.00988
1700000021.597470283508301,0.00279,0.00025,0.00008,0.00226,0.00008,0.00118,0.00663
1700000021.631375312805176,0.00306,0.00028,0.00017,0.00241,0.00008,0.00130,0.00730
1700000021.665280342102051,0.00345,0.00027,0.00011,0.00272,0.00009,0.00124,0.00788
1700000021.699185132980347,0.00257,0.00018,0.00003,0.00204,0.00006,0.00114,0.00602
1700000021.733090162277222,0.00314,0.00020,0.00004,0.00222,0.00005,0.00125,0.00689
1700000021.766995191574097,0.00261,0.00019,0.00004,0.00196,0.00006,0.00116,0.00602
1700000021.800900220870972,0.00305,0.00018,0.00003,0.00195,0.00084,0.00113,0.00718
1700000021.834805011749268,0.00234,0.00018,0.00017,0.00200,0.00006,0.00121,0.00595
1700000021.868710041046143,0.00377,0.00044,0.00007,0.00367,0.00085,0.00241,0.01120
1700000021.902615070343018,0.00417,0.00023,0.00003,0.00378,0.00088,0.00222,0.01130
1700000021.936520099639893,0.00359,0.00031,0.00018,0.00372,0.00010,0.00236,0.01027
1700000021.970425128936768,0.00320,0.00016,0.00011,0.00194,0.00004,0.00121,0.00667
1700000022.004329919815063,0.00351,0.00018,0.00049,0.00183,0.00049,0.00127,0.00777
1700000022.038234949111938,0.00382,0.00017,0.00011,0.00226,0.00011,0.00139,0.00786
1700000022.072139978408813,0.00345,0.00023,0.00063,0.00192,0.00083,0.00119,0.00825
1700000022.106045007705688,0.00352,0.00027,0.00015,0.00230,0.00004,0.00128,0.00756
1700000022.139949798583984,0.00335,0.00021,0.00005,0.00190,0.00003,0.00118,0.00672
1700000022.173854827880859,0.00323,0.00017,0.00004,0.00188,0.00082,0.00115,0.00729
1700000022.207759857177734,0.00412,0.00025,0.00009,0.00354,0.00005,0.00204,0.01009
1700000022.241664886474609,0.00332,0.00019,0.00009,0.00202,0.00097,0.00137,0.00796
1700000022.275569915771484,0.00335,0.00027,0.00016,0.00306,0.00090,0.00128,0.00903
1700000022.309474706649780,0.00308,0.00022,0.00015,0.00187,0.00086,0.00117,0.00736
1700000022.343379735946655,0.00355,0.00027,0.00014,0.00369,0.00160,0.00243,0.01169
1700000022.377284765243530,0.00283,0.00019,0.00009,0.00212,0.00049,0.00137,0.00709
1700000022.411189794540405,0.00322,0.00020,0.00009,0.00199,0.00090,0.00119,0.00760
1700000022.445094823837280,0.00317,0.00020,0.00017,0.00199,0.00047,0.00115,0.00715
1700000022.478999614715576,0.00349,0.00030,0.00015,0.00259,0.00055,0.00125,0.00834
1700000022.512904644012451,0.00310,0.00021,0.00008,0.00205,0.00000,0.00118,0.00663
1700000022.546809673309326,0.00288,0.00021,0.00009,0.00197,0.00084,0.00121,0.00720
1700000022.580714702606201,0.00269,0.00017,0.00002,0.00215,0.00004,0.00114,0.00620
1700000022.614619493484497,0.00323,0.00016,0.00006,0.00222,0.00005,0.00126,0.00699
1700000022.648524522781372,0.00315,0.00027,0.00081,0.00375,0.00102,0.00217,0.01119
1700000022.682429552078247,0.00287,0.00019,0.00002,0.00223,0.00010,0.00116,0.00658
1700000022.716334581375122,0.00324,0.00027,0.00002,0.00369,0.00058,0.00142,0.00922
1700000022.750239610671997,0.00304,0.00027,0.00006,0.00354,0.00108,0.00132,0.00931
1700000022.784144401550293,0.00363,0.00026,0.00082,0.00412,0.00005,0.00147,0.01036
1700000022.818049430847168,0.00226,0.00019,0.00014,0.00235,0.00003,0.00128,0.00625
1700000022.851954460144043,0.00324,0.00027,0.00011,0.00437,0.00008,0.00230,0.01039
1700000022.885859489440918,0.00303,0.00029,0.00020,0.00430,0.00006,0.00134,0.00922
1700000022.919764518737793,0.00306,0.00028,0.00007,0.00442,0.00000,0.00211,0.00993
1700000022.953669309616089,0.00331,0.00024,0.00002,0.00247,0.00004,0.00123,0.00731
1700000022.987574338912964,0.00263,0.00019,0.00005,0.00237,0.00002,0.00115,0.00640
1700000023.021479368209839,0.00311,0.00027,0.00007,0.00438,0.00008,0.00196,0.00987
1700000023.055384397506714,0.00330,0.00028,0.00034,0.00291,0.00005,0.00125,0.00813
1700000023.089289188385010,0.00310,0.00027,0.00014,0.00417,0.00011,0.00180,0.00959
1700000023.123194217681885,0.00300,0.00018,0.00002,0.00231,0.00007,0.00116,0.00674
1700000023.157099246978760,0.00456,0.00026,0.00007,0.00377,0.00006,0.00174,0.01046
1700000023.191004276275635,0.00298,0.00018,0.00007,0.00229,0.00005,0.00117,0.00674
1700000023.224909305572510,0.00331,0.00028,0.00014,0.00426,0.00011,0.00161,0.00971
1700000023.258814096450806,0.00409,0.00029,0.00056,0.00233,0.00005,0.00118,0.00851
1700000023.292719125747681,0.00355,0.00019,0.00012,0.00213,0.00005,0.00117,0.00722
1700000023.326624155044556,0.00340,0.00018,0.00009,0.00214,0.00000,0.00120,0.00702
1700000023.360529184341431,0.00330,0.00026,0.00019,0.00373,0.00004,0.00223,0.00975
1700000023.394433975219727,0.00284,0.00017,0.00002,0.00223,0.00003,0.00126,0.00654
1700000023.428339004516602,0.00272,0.00016,0.00005,0.00201,0.00004,0.00115,0.00613
1700000023.462244033813477,0.00336,0.00027,0.00010,0.00290,0.00010,0.00129,0.00802
1700000023.496149063110352,0.00349,0.00027,0.00006,0.00295,0.00008,0.00125,0.00810
1700000023.530054092407227,0.00328,0.00026,0.00020,0.00224,0.00007,0.00129,0.00733
1700000023.563958883285522,0.00274,0.00022,0.00019,0.00167,0.00002,0.00119,0.00603
1700000023.597863912582397,0.00370,0.00025,0.00015,0.00299,0.00010,0.00233,0.00953
1700000023.631768941879272,0.00329,0.00025,0.00006,0.00288,0.00081,0.00237,0.00967
1700000023.665673971176147,0.00379,0.00026,0.00007,0.00203,0.00050,0.00121,0.00787
1700000023.699579000473022,0.00292,0.00019,0.00008,0.00164,0.00044,0.00121,0.00649
1700000023.733483791351318,0.00364,0.00025,0.00003,0.00223,0.00046,0.00118,0.00780
1700000023.767388820648193,0.00292,0.00020,0.00007,0.00168,0.00047,0.00122,0.00655
1700000023.801293849945068,0.00364,0.00017,0.00013,0.00184,0.00044,0.00122,0.00745
1700000023.835198879241943,0.00303,0.00019,0.00012,0.00157,0.00119,0.00124,0.00733
1700000023.869103670120239,0.00355,0.00025,0.00004,0.00170,0.00048,0.00122,0.00725
1700000023.903008699417114,0.00259,0.00019,0.00012,0.00175,0.00003,0.00114,0.00583
1700000023.936913728713989,0.00372,0.00026,0.00012,0.00317,0.00162,0.00299,0.01189
1700000023.970818758010864,0.00356,0.00015,0.00004,0.00188,0.00126,0.00154,0.00844
1700000024.004723787307739,0.00357,0.00029,0.00008,0.00207,0.00004,0.00135,0.00740
1700000024.038628578186035,0.00342,0.00019,0.00006,0.00196,0.00088,0.00122,0.00774
1700000024.072533607482910,0.00330,0.00027,0.00075,0.00201,0.00055,0.00121,0.00810
1700000024.106438636779785,0.00348,0.00025,0.00006,0.00221,0.00051,0.00123,0.00776
1700000024.140343666076660,0.00257,0.00022,0.00002,0.00222,0.00047,0.00120,0.00671
1700000024.174248456954956,0.00381,0.00028,0.00008,0.00418,0.00005,0.00212,0.01052
1700000024.208153486251831,0.00374,0.00028,0.00011,0.00267,0.00007,0.00129,0.00817
1700000024.242058515548706,0.00323,0.00016,0.00016,0.00215,0.00005,0.00121,0.00696
1700000024.275963544845581,0.00264,0.00018,0.00008,0.00211,0.00007,0.00128,0.00635
1700000024.309868574142456,0.00321,0.00029,0.00006,0.00391,0.00004,0.00228,0.00980
1700000024.343773365020752,0.00290,0.00019,0.00005,0.00220,0.00007,0.00120,0.00662
1700000024.377678394317627,0.00313,0.00019,0.00002,0.00218,0.00004,0.00123,0.00679
1700000024.411583423614502,0.00285,0.00017,0.00002,0.00213,0.00006,0.00123,0.00646
1700000024.445488452911377,0.00325,0.00028,0.00007,0.00400,0.00008,0.00135,0.00904
1700000024.479393482208252,0.00327,0.00029,0.00027,0.00323,0.00009,0.00122,0.00838
1700000024.513298273086548,0.00295,0.00018,0.00004,0.00211,0.00006,0.00124,0.00660
1700000024.547203302383423,0.00310,0.00029,0.00010,0.00400,0.00005,0.00125,0.00879
1700000024.581108331680298,0.00281,0.00016,0.00006,0.00214,0.00002,0.00120,0.00639
1700000024.615013360977173,0.00370,0.00026,0.00011,0.00388,0.00087,0.00136,0.01018
1700000024.648918151855469,0.00244,0.00020,0.00007,0.00218,0.00006,0.00126,0.00622
1700000024.682823181152344,0.00402,0.00020,0.00009,0.00221,0.00006,0.00114,0.00773
1700000024.716728210449219,0.00255,0.00018,0.00005,0.00220,0.00002,0.00125,0.00625
1700000024.750633239746094,0.00303,0.00014,0.00007,0.00189,0.00006,0.00174,0.00693
1700000024.784538269042969,0.00336,0.00028,0.00003,0.00210,0.00003,0.00148,0.00728
1700000024.818443059921265,0.00321,0.00020,0.00010,0.00187,0.00005,0.00123,0.00666
1700000024.852348089218140,0.00346,0.00027,0.00077,0.00348,0.00083,0.00230,0.01111
1700000024.886253118515015,0.00324,0.00026,0.00017,0.00352,0.00022,0.00231,0.00972
1700000024.920158147811890,0.00325,0.00031,0.00003,0.00192,0.00008,0.00164,0.00723
1700000024.954062938690186,0.00324,0.00026,0.00009,0.00262,0.00046,0.00128,0.00795
1700000024.987967967987061,0.00340,0.00025,0.00005,0.00196,0.00049,0.00163,0.00777
1700000025.021872997283936,0.00289,0.00016,0.00034,0.00192,0.00045,0.00116,0.00692
1700000025.055778026580811,0.00316,0.00027,0.00003,0.00361,0.00011,0.00142,0.00861
1700000025.089683055877686,0.00301,0.00020,0.00017,0.00192,0.00009,0.00120,0.00658
1700000025.123587846755981,0.00319,0.00025,0.00007,0.00366,0.00005,0.00236,0.00958
1700000025.157492876052856,0.00269,0.00017,0.00009,0.00188,0.00091,0.00146,0.00721
1700000025.191397905349731,0.00352,0.00017,0.00007,0.00200,0.00003,0.00125,0.00703
1700000025.225302696228027,0.00330,0.00026,0.00014,0.00335,0.00097,0.00118,0.00920
1700000025.259207963943481,0.00274,0.00020,0.00007,0.00199,0.00005,0.00123,0.00627
1700000025.293112754821777,0.00329,0.00026,0.00003,0.00249,0.00007,0.00127,0.00741
1700000025.327017784118652,0.00315,0.00028,0.00021,0.00181,0.00005,0.00122,0.00672
1700000025.360922813415527,0.00323,0.00026,0.00008,0.00180,0.00005,0.00122,0.00664
1700000025.394827604293823,0.00308,0.00020,0.00004,0.00196,0.00005,0.00120,0.00654
1700000025.428732633590698,0.00320,0.00027,0.00010,0.00179,0.00002,0.00119,0.00657
1700000025.462637662887573,0.00316,0.00027,0.00019,0.00316,0.00017,0.00232,0.00927
1700000025.496542692184448,0.00300,0.00019,0.00010,0.00177,0.00008,0.00119,0.00633
1700000025.530447721481323,0.00296,0.00016,0.00004,0.00158,0.00009,0.00120,0.00604
1700000025.564352512359619,0.00270,0.00016,0.00002,0.00163,0.00053,0.00119,0.00623
1700000025.598257541656494,0.00348,0.00015,0.00009,0.00175,0.00002,0.00128,0.00678
1700000025.632162570953369,0.00311,0.00015,0.00005,0.00160,0.00008,0.00174,0.00673
1700000025.666067600250244,0.00272,0.00019,0.00004,0.00164,0.00005,0.00145,0.00609
1700000025.699972391128540,0.00357,0.00025,0.00006,0.00305,0.00010,0.00334,0.01038
1700000025.733877420425415,0.00340,0.00024,0.00003,0.00301,0.00022,0.00167,0.00857
1700000025.767782449722290,0.00358,0.00024,0.00008,0.00308,0.00014,0.00238,0.00951
1700000025.801687479019165,0.00332,0.00024,0.00002,0.00218,0.00005,0.00161,0.00743
1700000025.835592508316040,0.00315,0.00016,0.00004,0.00168,0.00005,0.00188,0.00697
1700000025.869497299194336,0.00324,0.00017,0.00002,0.00175,0.00014,0.00149,0.00682
1700000025.903402328491211,0.00369,0.00024,0.00002,0.00226,0.00010,0.00191,0.00822
1700000025.937307357788086,0.00336,0.00024,0.00006,0.00303,0.00022,0.00166,0.00857
1700000025.971212387084961,0.00321,0.00015,0.00007,0.00162,0.00014,0.00176,0.00694
1700000026.005117177963257,0.00370,0.00024,0.00006,0.00205,0.00003,0.00151,0.00759
1700000026.039022207260132,0.00288,0.00018,0.00011,0.00213,0.00015,0.00253,0.00798
1700000026.072927236557007,0.00368,0.00026,0.00014,0.00281,0.00084,0.00283,0.01056
1700000026.106832265853882,0.00304,0.00014,0.00002,0.00151,0.00048,0.00182,0.00701
1700000026.140737295150757,0.00368,0.00017,0.00008,0.00152,0.00117,0.00146,0.00808
1700000026.174642086029053,0.00448,0.00025,0.00003,0.00311,0.00088,0.00305,0.01181
1700000026.208547115325928,0.00355,0.00028,0.00006,0.00307,0.00003,0.00123,0.00822
1700000026.242452144622803,0.00350,0.00026,0.00012,0.00245,0.00049,0.00122,0.00804
1700000026.276357173919678,0.00257,0.00017,0.00011,0.00160,0.00118,0.00120,0.00682
1700000026.310262203216553,0.00309,0.00020,0.00010,0.00174,0.00008,0.00120,0.00641
1700000026.344166994094849,0.00313,0.00019,0.00008,0.00168,0.00083,0.00123,0.00713
1700000026.378072023391724,0.00333,0.00018,0.00006,0.00188,0.00009,0.00123,0.00677
1700000026.411977052688599,0.00305,0.00017,0.00008,0.00188,0.00048,0.00132,0.00698
1700000026.445882081985474,0.00341,0.00027,0.00002,0.00349,0.00185,0.00129,0.01033
1700000026.479786872863770,0.00356,0.00028,0.00016,0.00357,0.00165,0.00180,0.01102
1700000026.513691902160645,0.00358,0.00043,0.00009,0.00258,0.00006,0.00128,0.00802
1700000026.547596931457520,0.00346,0.00026,0.00003,0.00396,0.00015,0.00229,0.01015
1700000026.581501960754395,0.00354,0.00028,0.00020,0.00351,0.00070,0.00134,0.00958
1700000026.615406990051270,0.00334,0.00021,0.00006,0.00201,0.00089,0.00122,0.00772
1700000026.649311780929565,0.00320,0.00028,0.00010,0.00403,0.00000,0.00147,0.00909
1700000026.683216810226440,0.00333,0.00027,0.00012,0.00384,0.00071,0.00149,0.00977
1700000026.717121839523315,0.00346,0.00024,0.00005,0.00212,0.00051,0.00123,0.00762
1700000026.751026868820190,0.00326,0.00026,0.00002,0.00427,0.00169,0.00151,0.01102
1700000026.784931659698486,0.00279,0.00016,0.00055,0.00233,0.00004,0.00117,0.00703
1700000026.818836688995361,0.00447,0.00020,0.00041,0.00224,0.00000,0.00184,0.00917
1700000026.852741718292236,0.00269,0.00023,0.00008,0.00218,0.00092,0.00138,0.00748
1700000026.886646747589111,0.00317,0.00018,0.00013,0.00229,0.00005,0.00113,0.00695
1700000026.920551776885986,0.00347,0.00025,0.00015,0.00317,0.00055,0.00123,0.00883
1700000026.954456567764282,0.00295,0.00017,0.00008,0.00232,0.00007,0.00151,0.00711
1700000026.988361597061157,0.00316,0.00021,0.00005,0.00245,0.00047,0.00126,0.00761
1700000027.022266626358032,0.00321,0.00022,0.00003,0.00232,0.00048,0.00128,0.00754
1700000027.056171655654907,0.00322,0.00026,0.00020,0.00281,0.00006,0.00161,0.00816
1700000027.090076684951782,0.00325,0.00028,0.00009,0.00261,0.00007,0.00121,0.00751
1700000027.123981475830078,0.00321,0.00017,0.00007,0.00236,0.00006,0.00137,0.00724
1700000027.157886505126953,0.00359,0.00026,0.00003,0.00256,0.00003,0.00119,0.00766
1700000027.191791534423828,0.00281,0.00016,0.00022,0.00216,0.00004,0.00115,0.00654
1700000027.225696563720703,0.00331,0.00024,0.00005,0.00222,0.00000,0.00126,0.00709
1700000027.259601354598999,0.00379,0.00017,0.00006,0.00212,0.00007,0.00173,0.00795
1700000027.293506383895874,0.00384,0.00017,0.00008,0.00212,0.00007,0.00156,0.00785
1700000027.327411413192749,0.00354,0.00026,0.00021,0.00386,0.00016,0.00214,0.01018
1700000027.361316442489624,0.00341,0.00021,0.00002,0.00225,0.00010,0.00155,0.00753
1700000027.395221471786499,0.00324,0.00019,0.00006,0.00258,0.00000,0.00263,0.00871
1700000027.429126262664795,0.00348,0.00015,0.00002,0.00208,0.00000,0.00150,0.00724
1700000027.463031291961670,0.00293,0.00019,0.00006,0.00206,0.00007,0.00172,0.00703
1700000027.496936321258545,0.00393,0.00019,0.00002,0.00202,0.00007,0.00145,0.00768
1700000027.530841350555420,0.00385,0.00027,0.00008,0.00358,0.00022,0.00224,0.01024
1700000027.564746141433716,0.00267,0.00016,0.00013,0.00186,0.00004,0.00153,0.00639
1700000027.598651170730591,0.00363,0.00024,0.00021,0.00195,0.00012,0.00182,0.00797
1700000027.632556200027466,0.00342,0.00026,0.00014,0.00248,0.00001,0.00158,0.00788
1700000027.666461229324341,0.00277,0.00016,0.00005,0.00176,0.00015,0.00177,0.00665
1700000027.700366258621216,0.00304,0.00017,0.00005,0.00184,0.00050,0.00148,0.00707
1700000027.734271049499512,0.00353,0.00027,0.00023,0.00330,0.00179,0.00340,0.01252
1700000027.768176078796387,0.00369,0.00035,0.00010,0.00337,0.00097,0.00150,0.00997
1700000027.802081108093262,0.00371,0.00019,0.00010,0.00219,0.00001,0.00132,0.00751
1700000027.835986137390137,0.00349,0.00029,0.00023,0.00322,0.00001,0.00231,0.00954
1700000027.869891166687012,0.00249,0.00016,0.00002,0.00167,0.00083,0.00118,0.00636
1700000027.903795957565308,0.00325,0.00024,0.00003,0.00254,0.00051,0.00149,0.00807
1700000027.937700986862183,0.00263,0.00015,0.00010,0.00181,0.00009,0.00118,0.00595
1700000027.971606016159058,0.00307,0.00020,0.00009,0.00184,0.00044,0.00122,0.00685
1700000028.005511045455933,0.00285,0.00018,0.00036,0.00170,0.00130,0.00125,0.00764
1700000028.039415836334229,0.00302,0.00019,0.00005,0.00189,0.00002,0.00116,0.00633
1700000028.073320865631104,0.00321,0.00025,0.00002,0.00296,0.00007,0.00135,0.00787
1700000028.107225894927979,0.00335,0.00029,0.00010,0.00324,0.00009,0.00132,0.00839
1700000028.141130924224854,0.00353,0.00028,0.00012,0.00338,0.00014,0.00223,0.00968
1700000028.175035953521729,0.00271,0.00018,0.00007,0.00172,0.00013,0.00135,0.00616
1700000028.208940744400024,0.00339,0.00027,0.00007,0.00337,0.00079,0.00144,0.00934
1700000028.242845773696899,0.00269,0.00016,0.00007,0.00192,0.00004,0.00122,0.00611
1700000028.276750802993774,0.00360,0.00015,0.00010,0.00171,0.00002,0.00118,0.00678
1700000028.310655832290649,0.00263,0.00016,0.00009,0.00166,0.00005,0.00122,0.00581
1700000028.344560623168945,0.00335,0.00024,0.00007,0.00262,0.00059,0.00134,0.00821
1700000028.378465652465820,0.00320,0.00018,0.00007,0.00181,0.00004,0.00124,0.00655
1700000028.412370681762695,0.00308,0.00015,0.00002,0.00167,0.00009,0.00116,0.00617
1700000028.446275711059570,0.00261,0.00019,0.00005,0.00167,0.00002,0.00120,0.00575
1700000028.480180740356445,0.00285,0.00016,0.00006,0.00171,0.00006,0.00130,0.00614
1700000028.514085531234741,0.00333,0.00025,0.00002,0.00310,0.00026,0.00164,0.00858
1700000028.547990560531616,0.00308,0.00025,0.00006,0.00310,0.00016,0.00274,0.00939
1700000028.581895589828491,0.00316,0.00025,0.00014,0.00209,0.00055,0.00120,0.00739
1700000028.615800619125366,0.00281,0.00018,0.00002,0.00154,0.00081,0.00117,0.00652
1700000028.649705648422241,0.00309,0.00026,0.00006,0.00311,0.00014,0.00160,0.00827
1700000028.683610439300537,0.00255,0.00017,0.00001,0.00165,0.00000,0.00110,0.00549
1700000028.717515468597412,0.00303,0.00029,0.00002,0.00200,0.00009,0.00129,0.00672
1700000028.751420497894287,0.00314,0.00026,0.00002,0.00312,0.00032,0.00234,0.00919
1700000028.785325288772583,0.00318,0.00027,0.00002,0.00170,0.00003,0.00128,0.00648
1700000028.819230318069458,0.00320,0.00018,0.00005,0.00169,0.00011,0.00126,0.00649
1700000028.853135347366333,0.00300,0.00017,0.00004,0.00180,0.00002,0.00125,0.00628
1700000028.887040376663208,0.00301,0.00017,0.00009,0.00164,0.00008,0.00133,0.00633
1700000028.920945405960083,0.00303,0.00014,0.00007,0.00159,0.00011,0.00136,0.00630
1700000028.954850196838379,0.00391,0.00017,0.00005,0.00174,0.00015,0.00120,0.00721
1700000028.988755226135254,0.00320,0.00026,0.00003,0.00301,0.00032,0.00160,0.00842
1700000029.022660255432129,0.00268,0.00031,0.00011,0.00187,0.00004,0.00131,0.00632
1700000029.056565284729004,0.00313,0.00018,0.00002,0.00158,0.00047,0.00119,0.00657
1700000029.090470075607300,0.00268,0.00018,0.00001,0.00170,0.00000,0.00117,0.00575
1700000029.124375104904175,0.00292,0.00022,0.00005,0.00168,0.00007,0.00122,0.00616
1700000029.158280134201050,0.00326,0.00026,0.00009,0.00239,0.00014,0.00127,0.00742
1700000029.192185163497925,0.00314,0.00027,0.00010,0.00292,0.00004,0.00133,0.00781
1700000029.226090192794800,0.00324,0.00025,0.00009,0.00240,0.00011,0.00128,0.00738
1700000029.259994983673096,0.00325,0.00027,0.00007,0.00305,0.00006,0.00130,0.00800
1700000029.293900012969971,0.00324,0.00025,0.00007,0.00310,0.00010,0.00160,0.00838
1700000029.327805042266846,0.00358,0.00026,0.00009,0.00233,0.00011,0.00134,0.00771
1700000029.361710071563721,0.00284,0.00019,0.00009,0.00158,0.00007,0.00122,0.00599
1700000029.395615100860596,0.00340,0.00028,0.00002,0.00195,0.00056,0.00129,0.00750
1700000029.429519891738892,0.00327,0.00019,0.00002,0.00185,0.00004,0.00117,0.00655
1700000029.463424921035767,0.00345,0.00029,0.00003,0.00187,0.00004,0.00126,0.00696
1700000029.497329950332642,0.00350,0.00027,0.00009,0.00213,0.00000,0.00121,0.00720
1700000029.531234979629517,0.00332,0.00016,0.00010,0.00157,0.00005,0.00110,0.00630
1700000029.565139770507812,0.00396,0.00025,0.00009,0.00324,0.00027,0.00137,0.00918
1700000029.599044799804688,0.00330,0.00017,0.00006,0.00161,0.00003,0.00123,0.00639
1700000029.632949829101562,0.00387,0.00026,0.00007,0.00226,0.00011,0.00125,0.00781
1700000029.666854858398438,0.00324,0.00022,0.00007,0.00236,0.00004,0.00168,0.00761
1700000029.700759887695312,0.00337,0.00024,0.00003,0.00206,0.00006,0.00126,0.00701
1700000029.734664678573608,0.00334,0.00024,0.00010,0.00203,0.00013,0.00125,0.00709
1700000029.768569707870483,0.00321,0.00023,0.00002,0.00155,0.00007,0.00123,0.00631
1700000029.802474737167358,0.00327,0.00022,0.00013,0.00196,0.00015,0.00131,0.00704
1700000029.836379766464233,0.00348,0.00025,0.00007,0.00274,0.00005,0.00226,0.00886
1700000029.870284557342529,0.00362,0.00018,0.00006,0.00191,0.00005,0.00131,0.00714
1700000029.904189586639404,0.00340,0.00025,0.00007,0.00286,0.00009,0.00188,0.00856
1700000029.938094615936279,0.00347,0.00025,0.00011,0.00277,0.00016,0.00232,0.00908
1700000029.971999645233154,0.00298,0.00014,0.00006,0.00137,0.00009,0.00112,0.00575
1700000030.005904674530029,0.00427,0.00028,0.00004,0.00305,0.00022,0.00267,0.01053
1700000030.039809465408325,0.00334,0.00025,0.00006,0.00278,0.00029,0.00272,0.00944
1700000030.073714494705200,0.00358,0.00020,0.00005,0.00160,0.00003,0.00126,0.00672
1700000030.107619524002075,0.00327,0.00017,0.00003,0.00166,0.00008,0.00139,0.00659
1700000030.141524553298950,0.00327,0.00025,0.00013,0.00243,0.00025,0.00241,0.00874
1700000030.175429582595825,0.00341,0.00023,0.00003,0.00148,0.00008,0.00123,0.00647
1700000030.209334373474121,0.00270,0.00014,0.00002,0.00137,0.00012,0.00123,0.00559
1700000030.243239402770996,0.00311,0.00015,0.00002,0.00133,0.00000,0.00117,0.00579
1700000030.277144432067871,0.00349,0.00026,0.00008,0.00217,0.00007,0.00133,0.00740
1700000030.311049461364746,0.00325,0.00024,0.00003,0.00242,0.00020,0.00215,0.00828
1700000030.344954252243042,0.00260,0.00015,0.00002,0.00137,0.00017,0.00116,0.00547
1700000030.378859281539917,0.00263,0.00018,0.00004,0.00132,0.00011,0.00118,0.00545
1700000030.412764310836792,0.00326,0.00024,0.00006,0.00194,0.00012,0.00125,0.00687
1700000030.446669340133667,0.00254,0.00015,0.00004,0.00137,0.00015,0.00129,0.00554
1700000030.480574369430542,0.00287,0.00018,0.00004,0.00134,0.00002,0.00117,0.00561
1700000030.514479160308838,0.00309,0.00023,0.00009,0.00216,0.00005,0.00125,0.00688
1700000030.548384189605713,0.00321,0.00024,0.00006,0.00139,0.00086,0.00128,0.00703
1700000030.582289218902588,0.00309,0.00018,0.00006,0.00134,0.00007,0.00148,0.00622
1700000030.616194248199463,0.00348,0.00026,0.00016,0.00243,0.00088,0.00147,0.00868
1700000030.650099039077759,0.00317,0.00025,0.00010,0.00197,0.00000,0.00139,0.00688
1700000030.684004068374634,0.00335,0.00017,0.00005,0.00143,0.00041,0.00120,0.00662
1700000030.717909097671509,0.00274,0.00014,0.00008,0.00143,0.00113,0.00127,0.00680
1700000030.751814126968384,0.00269,0.00016,0.00006,0.00215,0.00009,0.00125,0.00640
1700000030.785719156265259,0.00328,0.00026,0.00009,0.00283,0.00094,0.00180,0.00921
1700000030.819623947143555,0.00346,0.00026,0.00009,0.00276,0.00143,0.00123,0.00923
1700000030.853528976440430,0.00364,0.00024,0.00013,0.00247,0.00050,0.00190,0.00888
1700000030.887434005737305,0.00339,0.00036,0.00005,0.00188,0.00046,0.00164,0.00779
1700000030.921339035034180,0.00334,0.00025,0.00008,0.00190,0.00006,0.00130,0.00694
1700000030.955244064331055,0.00353,0.00027,0.00014,0.00212,0.00084,0.00122,0.00812
1700000030.989148855209351,0.00351,0.00025,0.00003,0.00314,0.00014,0.00240,0.00947
1700000031.023053884506226,0.00345,0.00017,0.00002,0.00175,0.00207,0.00138,0.00885
1700000031.056958913803101,0.00276,0.00020,0.00009,0.00206,0.00004,0.00136,0.00651
1700000031.090863943099976,0.00297,0.00018,0.00009,0.00204,0.00089,0.00120,0.00737
1700000031.124768733978271,0.00335,0.00028,0.00022,0.00347,0.00098,0.00201,0.01032
1700000031.158673763275146,0.00342,0.00016,0.00007,0.00193,0.00005,0.00118,0.00681
1700000031.192578792572021,0.00330,0.00017,0.00010,0.00178,0.00011,0.00120,0.00666
1700000031.226483821868896,0.00316,0.00028,0.00008,0.00295,0.00007,0.00122,0.00776
1700000031.260388851165771,0.00351,0.00025,0.00007,0.00334,0.00158,0.00120,0.00995
1700000031.294293642044067,0.00351,0.00029,0.00006,0.00384,0.00000,0.00241,0.01011
1700000031.328198671340942,0.00292,0.00018,0.00002,0.00208,0.00010,0.00118,0.00649
1700000031.362103700637817,0.00317,0.00027,0.00008,0.00367,0.00023,0.00255,0.00997
1700000031.396008729934692,0.00280,0.00016,0.00002,0.00211,0.00054,0.00128,0.00692
1700000031.429913520812988,0.00351,0.00027,0.00002,0.00386,0.00014,0.00120,0.00901
1700000031.463818550109863,0.00311,0.00026,0.00014,0.00254,0.00007,0.00131,0.00743
1700000031.497723579406738,0.00270,0.00017,0.00005,0.00186,0.00006,0.00139,0.00623
1700000031.531628608703613,0.00293,0.00016,0.00006,0.00199,0.00010,0.00179,0.00704
1700000031.565533638000488,0.00341,0.00029,0.00003,0.00347,0.00006,0.00206,0.00933
1700000031.599438428878784,0.00299,0.00016,0.00005,0.00197,0.00012,0.00179,0.00709
1700000031.633343458175659,0.00332,0.00023,0.00002,0.00194,0.00009,0.00168,0.00727
1700000031.667248487472534,0.00361,0.00016,0.00002,0.00195,0.00011,0.00177,0.00762
1700000031.701153516769409,0.00345,0.00025,0.00006,0.00354,0.00008,0.00309,0.01048
1700000031.735058546066284,0.00392,0.00026,0.00008,0.00350,0.00017,0.00335,0.01127
1700000031.768963336944580,0.00338,0.00025,0.00008,0.00186,0.00007,0.00123,0.00687
1700000031.802868366241455,0.00379,0.00030,0.00008,0.00276,0.00011,0.00135,0.00839
1700000031.836773395538330,0.00321,0.00027,0.00017,0.00354,0.00015,0.00242,0.00977
1700000031.870678424835205,0.00349,0.00025,0.00010,0.00341,0.00011,0.00194,0.00930
1700000031.904583215713501,0.00350,0.00026,0.00002,0.00339,0.00100,0.00217,0.01035
1700000031.938488245010376,0.00352,0.00016,0.00005,0.00187,0.00047,0.00120,0.00727
1700000031.972393274307251,0.00354,0.00026,0.00003,0.00323,0.00005,0.00140,0.00851
1700000032.006298303604126,0.00296,0.00016,0.00005,0.00185,0.00012,0.00115,0.00629
1700000032.040203332901001,0.00317,0.00020,0.00012,0.00181,0.00008,0.00116,0.00655
1700000032.074108123779297,0.00251,0.00018,0.00007,0.00168,0.00008,0.00119,0.00573
1700000032.108013153076172,0.00270,0.00021,0.00008,0.00165,0.00086,0.00152,0.00701
1700000032.141918182373047,0.00264,0.00019,0.00035,0.00176,0.00006,0.00119,0.00620
1700000032.175823211669922,0.00454,0.00024,0.00016,0.00276,0.00017,0.00339,0.01126
1700000032.209728002548218,0.00420,0.00018,0.00008,0.00174,0.00007,0.00121,0.00748
1700000032.243633031845093,0.00356,0.00015,0.00008,0.00157,0.00008,0.00120,0.00664
1700000032.277538061141968,0.00402,0.00025,0.00007,0.00283,0.00091,0.00152,0.00960
1700000032.311443090438843,0.00430,0.00017,0.00020,0.00174,0.00005,0.00180,0.00826
1700000032.345348119735718,0.00366,0.00027,0.00008,0.00155,0.00043,0.00125,0.00725
1700000032.379252910614014,0.00353,0.00025,0.00014,0.00288,0.00075,0.00174,0.00929
1700000032.413157939910889,0.00312,0.00018,0.00005,0.00158,0.00053,0.00110,0.00657
1700000032.447062969207764,0.00371,0.00028,0.00002,0.00164,0.00005,0.00129,0.00699
1700000032.480967760086060,0.00332,0.00030,0.00008,0.00310,0.00010,0.00126,0.00816
1700000032.514873027801514,0.00341,0.00025,0.00006,0.00310,0.00000,0.00149,0.00830
1700000032.548777818679810,0.00317,0.00018,0.00010,0.00156,0.00046,0.00124,0.00671
1700000032.582682847976685,0.00267,0.00015,0.00004,0.00166,0.00047,0.00126,0.00624
1700000032.616587877273560,0.00348,0.00028,0.00003,0.00309,0.00153,0.00144,0.00986
1700000032.650492668151855,0.00376,0.00026,0.00015,0.00328,0.00071,0.00120,0.00937
1700000032.684397697448730,0.00416,0.00019,0.00014,0.00185,0.00044,0.00132,0.00810
1700000032.718302726745605,0.00434,0.00025,0.00007,0.00308,0.00080,0.00220,0.01075
1700000032.752207756042480,0.00404,0.00015,0.00005,0.00178,0.00088,0.00120,0.00810
1700000032.786112785339355,0.00407,0.00026,0.00109,0.00343,0.00005,0.00250,0.01140
1700000032.820017576217651,0.00345,0.00017,0.00009,0.00193,0.00011,0.00122,0.00698
1700000032.853922605514526,0.00302,0.00015,0.00002,0.00162,0.00005,0.00115,0.00601
1700000032.887827634811401,0.00374,0.00019,0.00003,0.00171,0.00050,0.00125,0.00741
1700000032.921732664108276,0.00403,0.00016,0.00005,0.00195,0.00012,0.00169,0.00800
1700000032.955637454986572,0.00368,0.00038,0.00002,0.00243,0.00010,0.00152,0.00814
1700000032.989542484283447,0.00355,0.00018,0.00004,0.00184,0.00007,0.00122,0.00690
1700000033.023447513580322,0.00329,0.00016,0.00002,0.00182,0.00007,0.00133,0.00670
1700000033.057352542877197,0.00324,0.00017,0.00007,0.00197,0.00013,0.00120,0.00679
1700000033.091257572174072,0.00303,0.00025,0.00002,0.00334,0.00008,0.00242,0.00914
1700000033.125162363052368,0.00244,0.00015,0.00002,0.00183,0.00005,0.00119,0.00568
1700000033.159067392349243,0.00309,0.00027,0.00006,0.00205,0.00006,0.00127,0.00680
1700000033.192972421646118,0.00361,0.00028,0.00007,0.00331,0.00009,0.00251,0.00988
1700000033.226877450942993,0.00299,0.00025,0.00003,0.00326,0.00013,0.00125,0.00791
1700000033.260782480239868,0.00290,0.00019,0.00002,0.00186,0.00006,0.00119,0.00622
1700000033.294687271118164,0.00329,0.00024,0.00003,0.00217,0.00007,0.00118,0.00698
1700000033.328592300415039,0.00279,0.00018,0.00003,0.00184,0.00011,0.00116,0.00611
1700000033.362497329711914,0.00295,0.00028,0.00007,0.00328,0.00017,0.00246,0.00921
1700000033.396402359008789,0.00263,0.00016,0.00001,0.00180,0.00007,0.00118,0.00586
1700000033.430307149887085,0.00287,0.00027,0.00002,0.00314,0.00007,0.00127,0.00765
1700000033.464212179183960,0.00277,0.00016,0.00005,0.00188,0.00012,0.00123,0.00621
1700000033.498117208480835,0.00295,0.00020,0.00002,0.00209,0.00005,0.00147,0.00677
1700000033.532022237777710,0.00304,0.00020,0.00002,0.00185,0.00003,0.00124,0.00638
1700000033.565927267074585,0.00296,0.00027,0.00007,0.00215,0.00007,0.00123,0.00674
1700000033.599832057952881,0.00320,0.00021,0.00003,0.00193,0.00004,0.00118,0.00659
1700000033.633737087249756,0.00260,0.00015,0.00005,0.00182,0.00011,0.00115,0.00588
1700000033.667642116546631,0.00291,0.00015,0.00002,0.00193,0.00006,0.00125,0.00632
1700000033.701547145843506,0.00263,0.00017,0.00002,0.00194,0.00009,0.00126,0.00611
1700000033.735451936721802,0.00283,0.00018,0.00007,0.00178,0.00009,0.00125,0.00619
1700000033.769356966018677,0.00254,0.00022,0.00002,0.00189,0.00010,0.00139,0.00616
1700000033.803261995315552,0.00291,0.00018,0.00002,0.00173,0.00010,0.00133,0.00627
1700000033.837167024612427,0.00321,0.00036,0.00014,0.00234,0.00007,0.00127,0.00738
1700000033.871072053909302,0.00391,0.00025,0.00011,0.00238,0.00014,0.00129,0.00808
1700000033.904976844787598,0.00358,0.00026,0.00061,0.00159,0.00080,0.00124,0.00809
1700000033.938881874084473,0.00309,0.00016,0.00009,0.00159,0.00042,0.00124,0.00659
1700000033.972786903381348,0.00365,0.00026,0.00014,0.00172,0.00005,0.00126,0.00708
1700000034.006691932678223,0.00378,0.00024,0.00007,0.00285,0.00070,0.00229,0.00992
1700000034.040596961975098,0.00326,0.00017,0.00013,0.00147,0.00015,0.00174,0.00692
1700000034.074501752853394,0.00349,0.00014,0.00006,0.00135,0.00044,0.00137,0.00685
1700000034.108406782150269,0.00385,0.00016,0.00010,0.00177,0.00049,0.00130,0.00767
1700000034.142311811447144,0.00421,0.00026,0.00024,0.00171,0.00156,0.00133,0.00931
1700000034.176216840744019,0.00359,0.00026,0.00094,0.00278,0.00144,0.00218,0.01118
1700000034.210121631622314,0.00321,0.00017,0.00030,0.00143,0.00078,0.00116,0.00705
1700000034.244026660919189,0.00361,0.00027,0.00018,0.00269,0.00099,0.00123,0.00897
1700000034.277931690216064,0.00345,0.00026,0.00020,0.00301,0.00085,0.00249,0.01027
1700000034.311836719512939,0.00263,0.00015,0.00006,0.00166,0.00044,0.00117,0.00612
1700000034.345741748809814,0.00464,0.00025,0.00009,0.00171,0.00042,0.00143,0.00854
1700000034.379646539688110,0.00369,0.00018,0.00010,0.00157,0.00042,0.00120,0.00716
1700000034.413551568984985,0.00284,0.00015,0.00047,0.00156,0.00043,0.00118,0.00664
1700000034.447456598281860,0.00363,0.00015,0.00007,0.00168,0.00126,0.00117,0.00797
1700000034.481361627578735,0.00370,0.00026,0.00015,0.00236,0.00049,0.00129,0.00824
1700000034.515266418457031,0.00332,0.00019,0.00012,0.00192,0.00004,0.00118,0.00676
1700000034.549171447753906,0.00387,0.00026,0.00012,0.00326,0.00167,0.00266,0.01185
1700000034.583076477050781,0.00308,0.00017,0.00006,0.00180,0.00002,0.00123,0.00637
1700000034.616981506347656,0.00284,0.00015,0.00008,0.00177,0.00005,0.00125,0.00613
1700000034.650886535644531,0.00351,0.00015,0.00005,0.00179,0.00092,0.00109,0.00753
1700000034.684791326522827,0.00291,0.00021,0.00003,0.00192,0.00047,0.00118,0.00671
1700000034.718696355819702,0.00362,0.00027,0.00009,0.00349,0.00010,0.00227,0.00983
1700000034.752601385116577,0.00268,0.00019,0.00006,0.00188,0.00089,0.00119,0.00689
1700000034.786506414413452,0.00290,0.00018,0.00006,0.00209,0.00002,0.00121,0.00646
1700000034.820411443710327,0.00409,0.00027,0.00008,0.00375,0.00058,0.00194,0.01070
1700000034.854316234588623,0.00416,0.00027,0.00012,0.00271,0.00007,0.00146,0.00880
1700000034.888221263885498,0.00428,0.00018,0.00012,0.00238,0.00007,0.00191,0.00894
1700000034.922126293182373,0.00434,0.00017,0.00008,0.00204,0.00006,0.00158,0.00827
1700000034.956031322479248,0.00280,0.00019,0.00012,0.00177,0.00007,0.00114,0.00609
1700000034.989936113357544,0.00351,0.00015,0.00010,0.00166,0.00002,0.00113,0.00659
1700000035.023841142654419,0.00349,0.00013,0.00010,0.00159,0.00007,0.00118,0.00657
1700000035.057746171951294,0.00431,0.00024,0.00027,0.00277,0.00008,0.00233,0.01001
1700000035.091651201248169,0.00414,0.00016,0.00013,0.00154,0.00004,0.00183,0.00783
1700000035.125556230545044,0.00409,0.00013,0.00014,0.00133,0.00002,0.00108,0.00679
1700000035.159461021423340,0.00376,0.00013,0.00007,0.00133,0.00000,0.00118,0.00647
1700000035.193366050720215,0.00369,0.00025,0.00016,0.00218,0.00005,0.00230,0.00864
1700000035.227271080017090,0.00384,0.00023,0.00018,0.00219,0.00000,0.00126,0.00771
1700000035.261176109313965,0.00383,0.00023,0.00048,0.00191,0.00011,0.00225,0.00881
1700000035.295080900192261,0.00275,0.00017,0.00003,0.00107,0.00036,0.00136,0.00574
1700000035.328985929489136,0.00254,0.00014,0.00034,0.00102,0.00000,0.00122,0.00526
1700000035.362890958786011,0.00369,0.00030,0.00057,0.00128,0.00005,0.00134,0.00724
1700000035.396795988082886,0.00343,0.00017,0.00009,0.00113,0.00129,0.00115,0.00727
1700000035.430701017379761,0.00326,0.00025,0.00011,0.00198,0.00045,0.00128,0.00733
1700000035.464605808258057,0.00369,0.00024,0.00013,0.00187,0.00016,0.00127,0.00737
1700000035.498510837554932,0.00312,0.00015,0.00036,0.00131,0.00259,0.00121,0.00873
1700000035.532415866851807,0.00261,0.00016,0.00009,0.00132,0.00076,0.00117,0.00611
1700000035.566320896148682,0.00383,0.00015,0.00043,0.00137,0.00002,0.00126,0.00706
1700000035.600225925445557,0.00396,0.00016,0.00031,0.00145,0.00168,0.00121,0.00877
1700000035.634130716323853,0.00299,0.00018,0.00011,0.00138,0.00146,0.00113,0.00725
1700000035.668035745620728,0.00374,0.00024,0.00056,0.00182,0.00001,0.00121,0.00758
1700000035.701940774917603,0.00359,0.00026,0.00056,0.00144,0.00117,0.00113,0.00815
1700000035.735845804214478,0.00317,0.00014,0.00009,0.00125,0.00076,0.00119,0.00661
1700000035.769750595092773,0.00360,0.00016,0.00015,0.00144,0.00044,0.00116,0.00694
1700000035.803655624389648,0.00344,0.00025,0.00050,0.00123,0.00000,0.00113,0.00654
1700000035.837560653686523,0.00351,0.00025,0.00065,0.00191,0.00109,0.00127,0.00867
1700000035.871465682983398,0.00309,0.00020,0.00009,0.00141,0.00074,0.00110,0.00662
1700000035.905370712280273,0.00291,0.00018,0.00005,0.00148,0.00002,0.00110,0.00574
1700000035.939275503158569,0.00364,0.00024,0.00008,0.00172,0.00040,0.00124,0.00732
1700000035.973180532455444,0.00331,0.00026,0.00009,0.00280,0.00077,0.00172,0.00896
1700000036.007085561752319,0.00318,0.00025,0.00011,0.00301,0.00075,0.00143,0.00875
1700000036.040990352630615,0.00244,0.00015,0.00005,0.00167,0.00044,0.00121,0.00595
1700000036.074895381927490,0.00235,0.00017,0.00005,0.00162,0.00082,0.00128,0.00630
1700000036.108800411224365,0.00271,0.00015,0.00004,0.00181,0.00005,0.00162,0.00639
1700000036.142705440521240,0.00334,0.00027,0.00010,0.00332,0.00013,0.00228,0.00943
1700000036.176610469818115,0.00308,0.00016,0.00006,0.00188,0.00006,0.00112,0.00637
1700000036.210515260696411,0.00245,0.00017,0.00009,0.00168,0.00006,0.00111,0.00556
1700000036.244420289993286,0.00322,0.00015,0.00011,0.00164,0.00003,0.00116,0.00631
1700000036.278325319290161,0.00377,0.00019,0.00005,0.00201,0.00004,0.00135,0.00742
1700000036.312230348587036,0.00279,0.00018,0.00007,0.00170,0.00000,0.00111,0.00585
1700000036.346135139465332,0.00339,0.00019,0.00007,0.00159,0.00044,0.00188,0.00756
1700000036.380040168762207,0.00349,0.00027,0.00011,0.00319,0.00005,0.00125,0.00835
1700000036.413945198059082,0.00350,0.00016,0.00007,0.00180,0.00002,0.00127,0.00681
1700000036.447850227355957,0.00341,0.00025,0.00011,0.00252,0.00005,0.00126,0.00761
1700000036.481755256652832,0.00280,0.00020,0.00008,0.00165,0.00050,0.00114,0.00638
1700000036.515660047531128,0.00350,0.00028,0.00128,0.00199,0.00018,0.00127,0.00849
1700000036.549565076828003,0.00359,0.00025,0.00018,0.00140,0.00045,0.00120,0.00708
1700000036.583470106124878,0.00367,0.00025,0.00059,0.00172,0.00041,0.00124,0.00789
1700000036.617375135421753,0.00354,0.00016,0.00039,0.00155,0.00113,0.00122,0.00799
1700000036.651280164718628,0.00375,0.00015,0.00007,0.00163,0.00227,0.00117,0.00904
1700000036.685184955596924,0.00345,0.00016,0.00004,0.00196,0.00046,0.00111,0.00719
1700000036.719089984893799,0.00334,0.00042,0.00014,0.00193,0.00087,0.00177,0.00847
1700000036.752995014190674,0.00361,0.00026,0.00013,0.00359,0.00001,0.00195,0.00956
1700000036.786900043487549,0.00291,0.00014,0.00003,0.00179,0.00052,0.00195,0.00735
1700000036.820804834365845,0.00378,0.00017,0.00026,0.00162,0.00158,0.00194,0.00936
1700000036.854709863662720,0.00343,0.00026,0.00015,0.00324,0.00004,0.00150,0.00862
1700000036.888614892959595,0.00362,0.00027,0.00009,0.00306,0.00154,0.00202,0.01060
1700000036.922519922256470,0.00378,0.00026,0.00016,0.00336,0.00060,0.00138,0.00955
1700000036.956424951553345,0.00340,0.00027,0.00022,0.00250,0.00127,0.00128,0.00894
1700000036.990329742431641,0.00323,0.00018,0.00049,0.00155,0.00077,0.00116,0.00737
1700000037.024234771728516,0.00324,0.00020,0.00012,0.00181,0.00004,0.00122,0.00662
1700000037.058139801025391,0.00312,0.00016,0.00008,0.00165,0.00088,0.00114,0.00703
1700000037.092044830322266,0.00356,0.00017,0.00013,0.00177,0.00002,0.00119,0.00685
1700000037.125949621200562,0.00370,0.00025,0.00019,0.00173,0.00008,0.00129,0.00725
1700000037.159854650497437,0.00282,0.00020,0.00042,0.00157,0.00042,0.00122,0.00664
1700000037.193759679794312,0.00355,0.00026,0.00021,0.00179,0.00126,0.00123,0.00831
1700000037.227664709091187,0.00345,0.00028,0.00034,0.00221,0.00048,0.00115,0.00792
1700000037.261569738388062,0.00374,0.00016,0.00009,0.00175,0.00046,0.00121,0.00742
1700000037.295474529266357,0.00354,0.00026,0.00063,0.00285,0.00000,0.00224,0.00953
1700000037.329379558563232,0.00349,0.00025,0.00017,0.00216,0.00000,0.00124,0.00733
1700000037.363284587860107,0.00416,0.00027,0.00019,0.00245,0.00011,0.00234,0.00951
1700000037.397189617156982,0.00394,0.00024,0.00060,0.00134,0.00051,0.00128,0.00791
1700000037.431094646453857,0.00345,0.00018,0.00010,0.00125,0.00141,0.00111,0.00751
1700000037.464999437332153,0.00390,0.00026,0.00025,0.00246,0.00005,0.00143,0.00834
1700000037.498904466629028,0.00261,0.00014,0.00023,0.00120,0.00069,0.00126,0.00614
1700000037.532809495925903,0.00321,0.00016,0.00007,0.00144,0.00004,0.00112,0.00604
1700000037.566714525222778,0.00346,0.00025,0.00008,0.00260,0.00010,0.00222,0.00871
1700000037.600619316101074,0.00317,0.00016,0.00007,0.00135,0.00078,0.00142,0.00695
1700000037.634524345397949,0.00378,0.00023,0.00008,0.00277,0.00090,0.00167,0.00943
1700000037.668429374694824,0.00306,0.00016,0.00005,0.00145,0.00043,0.00115,0.00631
1700000037.702334403991699,0.00394,0.00026,0.00009,0.00291,0.00000,0.00243,0.00964
1700000037.736239433288574,0.00353,0.00026,0.00008,0.00227,0.00049,0.00117,0.00780
1700000037.770144224166870,0.00365,0.00025,0.00010,0.00225,0.00090,0.00136,0.00851
1700000037.804049253463745,0.00387,0.00026,0.00012,0.00330,0.00100,0.00246,0.01101
1700000037.837954282760620,0.00370,0.00027,0.00015,0.00329,0.00004,0.00227,0.00973
1700000037.871859312057495,0.00381,0.00026,0.00008,0.00342,0.00010,0.00232,0.01000
1700000037.905764102935791,0.00356,0.00030,0.00006,0.00332,0.00005,0.00248,0.00977
1700000037.939669132232666,0.00377,0.00025,0.00021,0.00192,0.00007,0.00126,0.00749
1700000037.973574161529541,0.00372,0.00024,0.00027,0.00289,0.00016,0.00241,0.00969
1700000038.007479190826416,0.00362,0.00027,0.00015,0.00275,0.00000,0.00133,0.00812
1700000038.041384220123291,0.00413,0.00024,0.00012,0.00207,0.00012,0.00134,0.00802
1700000038.075289011001587,0.00352,0.00022,0.00010,0.00275,0.00015,0.00135,0.00809
1700000038.109194040298462,0.00387,0.00025,0.00014,0.00255,0.00001,0.00124,0.00806
1700000038.143099069595337,0.00313,0.00016,0.00009,0.00125,0.00000,0.00123,0.00587
1700000038.177004098892212,0.00464,0.00026,0.00017,0.00207,0.00012,0.00146,0.00873
1700000038.210909128189087,0.00352,0.00019,0.00011,0.00125,0.00078,0.00121,0.00706
1700000038.244813919067383,0.00361,0.00023,0.00013,0.00226,0.00066,0.00182,0.00871
1700000038.278718948364258,0.00328,0.00024,0.00010,0.00248,0.00134,0.00234,0.00977
1700000038.312623977661133,0.00318,0.00018,0.00006,0.00136,0.00041,0.00114,0.00634
1700000038.346529006958008,0.00349,0.00016,0.00009,0.00137,0.00004,0.00118,0.00632
1700000038.380433797836304,0.00348,0.00026,0.00015,0.00239,0.00088,0.00258,0.00975
1700000038.414338827133179,0.00313,0.00014,0.00007,0.00131,0.00215,0.00115,0.00794
1700000038.448243856430054,0.00345,0.00016,0.00007,0.00168,0.00004,0.00111,0.00651
1700000038.482148885726929,0.00356,0.00024,0.00021,0.00312,0.00005,0.00232,0.00949
1700000038.516053915023804,0.00377,0.00026,0.00016,0.00284,0.00151,0.00130,0.00984
1700000038.549958705902100,0.00339,0.00027,0.00016,0.00318,0.00155,0.00229,0.01084
1700000038.583863735198975,0.00276,0.00017,0.00015,0.00174,0.00004,0.00122,0.00607
1700000038.617768764495850,0.00327,0.00024,0.00025,0.00302,0.00150,0.00221,0.01048
1700000038.651673793792725,0.00344,0.00027,0.00014,0.00258,0.00047,0.00139,0.00829
1700000038.685578584671021,0.00350,0.00026,0.00067,0.00273,0.00005,0.00208,0.00928
1700000038.719483613967896,0.00438,0.00025,0.00136,0.00260,0.00001,0.00143,0.01003
1700000038.753388643264771,0.00324,0.00016,0.00009,0.00147,0.00080,0.00175,0.00751
1700000038.787293672561646,0.00372,0.00026,0.00034,0.00172,0.00041,0.00156,0.00802
1700000038.821198701858521,0.00297,0.00014,0.00049,0.00140,0.00116,0.00129,0.00745
1700000038.855103492736816,0.00321,0.00016,0.00017,0.00162,0.00000,0.00111,0.00629
1700000038.889008522033691,0.00352,0.00027,0.00015,0.00204,0.00047,0.00135,0.00780
1700000038.922913551330566,0.00333,0.00027,0.00014,0.00270,0.00049,0.00118,0.00810
1700000038.956818580627441,0.00355,0.00025,0.00013,0.00187,0.00005,0.00116,0.00701
1700000038.990723609924316,0.00338,0.00024,0.00018,0.00180,0.00078,0.00116,0.00755
1700000039.024628400802612,0.00322,0.00026,0.00015,0.00237,0.00000,0.00229,0.00829
1700000039.058533430099487,0.00372,0.00018,0.00008,0.00129,0.00000,0.00105,0.00632
1700000039.092438459396362,0.00340,0.00026,0.00010,0.00236,0.00004,0.00221,0.00836
1700000039.126343488693237,0.00301,0.00025,0.00006,0.00246,0.00055,0.00128,0.00762
1700000039.160248279571533,0.00319,0.00023,0.00009,0.00239,0.00016,0.00212,0.00819
1700000039.194153308868408,0.00294,0.00026,0.00007,0.00237,0.00084,0.00225,0.00873
1700000039.228058338165283,0.00318,0.00026,0.00006,0.00254,0.00015,0.00193,0.00811
1700000039.261963367462158,0.00332,0.00025,0.00006,0.00247,0.00025,0.00151,0.00786
1700000039.295868396759033,0.00283,0.00013,0.00002,0.00134,0.00006,0.00117,0.00556
1700000039.329773187637329,0.00289,0.00016,0.00006,0.00147,0.00010,0.00118,0.00586
1700000039.363678216934204,0.00311,0.00024,0.00007,0.00191,0.00008,0.00120,0.00661
1700000039.397583246231079,0.00334,0.00025,0.00008,0.00251,0.00010,0.00248,0.00878
1700000039.431488275527954,0.00316,0.00025,0.00003,0.00264,0.00008,0.00227,0.00844
1700000039.465393304824829,0.00327,0.00025,0.00007,0.00139,0.00008,0.00118,0.00624
1700000039.499298095703125,0.00277,0.00014,0.00006,0.00136,0.00002,0.00114,0.00550
1700000039.533203125000000,0.00267,0.00014,0.00007,0.00138,0.00005,0.00118,0.00549
1700000039.567108154296875,0.00271,0.00018,0.00002,0.00135,0.00008,0.00110,0.00545
1700000039.601012945175171,0.00324,0.00018,0.00005,0.00135,0.00009,0.00112,0.00602
1700000039.634917974472046,0.00357,0.00024,0.00007,0.00197,0.00013,0.00128,0.00726
1700000039.668823003768921,0.00311,0.00025,0.00007,0.00250,0.00000,0.00231,0.00824
1700000039.702728033065796,0.00279,0.00014,0.00008,0.00133,0.00006,0.00115,0.00555
1700000039.736633062362671,0.00284,0.00015,0.00007,0.00124,0.00005,0.00112,0.00547
1700000039.770537853240967,0.00266,0.00017,0.00006,0.00129,0.00006,0.00120,0.00545
1700000039.804442882537842,0.00354,0.00025,0.00009,0.00235,0.00013,0.00163,0.00800
1700000039.838347911834717,0.00356,0.00026,0.00027,0.00202,0.00008,0.00122,0.00741
1700000039.872252941131592,0.00319,0.00017,0.00008,0.00131,0.00002,0.00120,0.00597
1700000039.906157732009888,0.00344,0.00024,0.00008,0.00164,0.00003,0.00112,0.00655
1700000039.940062761306763,0.00356,0.00019,0.00007,0.00185,0.00178,0.00168,0.00913
1700000039.973967790603638,0.00281,0.00020,0.00029,0.00135,0.00077,0.00111,0.00654
1700000040.007872819900513,0.00256,0.00016,0.00031,0.00134,0.00044,0.00124,0.00605
1700000040.041777849197388,0.00488,0.00016,0.00010,0.00157,0.00132,0.00143,0.00947
1700000040.075682640075684,0.00348,0.00020,0.00015,0.00165,0.00043,0.00117,0.00708
1700000040.109587669372559,0.00363,0.00027,0.00010,0.00163,0.00086,0.00116,0.00765
1700000040.143492698669434,0.00340,0.00035,0.00013,0.00217,0.00043,0.00123,0.00771
1700000040.177397727966309,0.00355,0.00025,0.00030,0.00172,0.00078,0.00124,0.00784
1700000040.211302518844604,0.00345,0.00017,0.00004,0.00159,0.00078,0.00115,0.00718
1700000040.245207548141479,0.00361,0.00025,0.00025,0.00206,0.00047,0.00124,0.00788
1700000040.279112577438354,0.00368,0.00029,0.00011,0.00271,0.00000,0.00118,0.00797
1700000040.313017606735229,0.00258,0.00016,0.00009,0.00172,0.00087,0.00112,0.00654
1700000040.346922636032104,0.00383,0.00026,0.00064,0.00311,0.00212,0.00129,0.01127
1700000040.380827426910400,0.00284,0.00017,0.00038,0.00196,0.00003,0.00188,0.00725
1700000040.414732456207275,0.00372,0.00016,0.00023,0.00180,0.00050,0.00148,0.00790
1700000040.448637485504150,0.00341,0.00017,0.00008,0.00183,0.00002,0.00119,0.00670
1700000040.482542514801025,0.00377,0.00017,0.00010,0.00182,0.00010,0.00117,0.00713
1700000040.516447544097900,0.00388,0.00028,0.00009,0.00238,0.00047,0.00121,0.00831
1700000040.550352334976196,0.00405,0.00026,0.00011,0.00326,0.00044,0.00119,0.00930
1700000040.584257364273071,0.00259,0.00019,0.00014,0.00166,0.00083,0.00117,0.00658
1700000040.618162393569946,0.00331,0.00031,0.00005,0.00182,0.00043,0.00123,0.00715
1700000040.652067422866821,0.00273,0.00016,0.00026,0.00185,0.00005,0.00117,0.00623
1700000040.685972213745117,0.00365,0.00020,0.00005,0.00189,0.00000,0.00126,0.00705
1700000040.719877243041992,0.00287,0.00019,0.00032,0.00187,0.00171,0.00113,0.00810
1700000040.753782272338867,0.00354,0.00023,0.00006,0.00234,0.00005,0.00123,0.00744
1700000040.787687301635742,0.00268,0.00016,0.00006,0.00228,0.00049,0.00117,0.00685
1700000040.821592330932617,0.00383,0.00016,0.00009,0.00239,0.00007,0.00123,0.00778
1700000040.855497121810913,0.00388,0.00026,0.00013,0.00387,0.00009,0.00131,0.00955
1700000040.889402151107788,0.00388,0.00028,0.00028,0.00370,0.00009,0.00130,0.00953
1700000040.923307180404663,0.00423,0.00025,0.00008,0.00201,0.00046,0.00209,0.00913
1700000040.957212209701538,0.00361,0.00026,0.00010,0.00343,0.00000,0.00126,0.00866
1700000040.991117000579834,0.00312,0.00018,0.00019,0.00197,0.00003,0.00116,0.00666
1700000041.025022029876709,0.00326,0.00017,0.00005,0.00201,0.00046,0.00147,0.00742
1700000041.058927059173584,0.00293,0.00015,0.00009,0.00198,0.00006,0.00170,0.00693
1700000041.092832088470459,0.00329,0.00026,0.00014,0.00379,0.00000,0.00252,0.00999
1700000041.126737117767334,0.00392,0.00026,0.00054,0.00208,0.00007,0.00184,0.00872
1700000041.160641908645630,0.00397,0.00017,0.00012,0.00172,0.00002,0.00120,0.00720
1700000041.194546937942505,0.00261,0.00015,0.00004,0.00179,0.00048,0.00115,0.00622
1700000041.228451967239380,0.00379,0.00031,0.00019,0.00249,0.00008,0.00127,0.00814
1700000041.262356996536255,0.00326,0.00015,0.00008,0.00163,0.00088,0.00114,0.00714
1700000041.296262025833130,0.00303,0.00016,0.00013,0.00183,0.00056,0.00116,0.00688
1700000041.330166816711426,0.00268,0.00014,0.00012,0.00173,0.00041,0.00114,0.00622
1700000041.364071846008301,0.00271,0.00017,0.00006,0.00178,0.00006,0.00119,0.00598
1700000041.397976875305176,0.00322,0.00027,0.00015,0.00326,0.00000,0.00227,0.00917
1700000041.431881904602051,0.00327,0.00026,0.00002,0.00320,0.00083,0.00247,0.01004
1700000041.465786695480347,0.00305,0.00034,0.00003,0.00170,0.00009,0.00120,0.00640
1700000041.499691724777222,0.00316,0.00027,0.00012,0.00271,0.00009,0.00147,0.00783
1700000041.533596754074097,0.00357,0.00026,0.00014,0.00304,0.00009,0.00191,0.00902
1700000041.567501783370972,0.00361,0.00017,0.00005,0.00163,0.00002,0.00140,0.00689
1700000041.601406812667847,0.00309,0.00035,0.00002,0.00228,0.00007,0.00122,0.00703
1700000041.635311603546143,0.00268,0.00018,0.00002,0.00158,0.00004,0.00119,0.00570
1700000041.669216632843018,0.00317,0.00026,0.00008,0.00287,0.00014,0.00120,0.00772
1700000041.703121662139893,0.00265,0.00018,0.00002,0.00168,0.00014,0.00125,0.00592
1700000041.737026691436768,0.00252,0.00018,0.00006,0.00153,0.00002,0.00118,0.00549
1700000041.770931482315063,0.00329,0.00026,0.00003,0.00227,0.00007,0.00122,0.00713
1700000041.804836511611938,0.00320,0.00025,0.00002,0.00236,0.00005,0.00123,0.00711
1700000041.838741540908813,0.00298,0.00026,0.00002,0.00270,0.00009,0.00153,0.00758
1700000041.872646570205688,0.00298,0.00024,0.00007,0.00243,0.00009,0.00118,0.00700
1700000041.906551599502563,0.00290,0.00023,0.00002,0.00292,0.00016,0.00211,0.00835
1700000041.940456390380859,0.00322,0.00024,0.00006,0.00237,0.00011,0.00129,0.00729
1700000041.974361419677734,0.00247,0.00018,0.00005,0.00151,0.00003,0.00110,0.00534
1700000042.008266448974609,0.00305,0.00024,0.00002,0.00291,0.00013,0.00232,0.00866
1700000042.042171478271484,0.00295,0.00023,0.00004,0.00291,0.00010,0.00158,0.00781
1700000042.076076507568359,0.00383,0.00015,0.00003,0.00174,0.00015,0.00126,0.00715
1700000042.109981298446655,0.00282,0.00016,0.00001,0.00153,0.00016,0.00119,0.00588
1700000042.143886327743530,0.00306,0.00024,0.00002,0.00253,0.00003,0.00153,0.00742
1700000042.177791357040405,0.00297,0.00026,0.00002,0.00261,0.00008,0.00226,0.00819
1700000042.211696386337280,0.00274,0.00016,0.00001,0.00177,0.00005,0.00123,0.00597
1700000042.245601177215576,0.00305,0.00026,0.00003,0.00292,0.00008,0.00235,0.00869
1700000042.279506206512451,0.00326,0.00023,0.00006,0.00292,0.00016,0.00243,0.00907
1700000042.313411235809326,0.00297,0.00017,0.00001,0.00157,0.00009,0.00114,0.00595
1700000042.347316265106201,0.00335,0.00014,0.00001,0.00151,0.00009,0.00109,0.00620
1700000042.381221294403076,0.00272,0.00014,0.00001,0.00154,0.00004,0.00112,0.00559
1700000042.415126085281372,0.00345,0.00024,0.00007,0.00199,0.00007,0.00125,0.00707
1700000042.449031114578247,0.00308,0.00025,0.00003,0.00255,0.00006,0.00124,0.00722
1700000042.482936143875122,0.00299,0.00023,0.00003,0.00291,0.00024,0.00233,0.00872
1700000042.516841173171997,0.00317,0.00026,0.00002,0.00210,0.00015,0.00125,0.00695
1700000042.550745964050293,0.00314,0.00024,0.00002,0.00305,0.00010,0.00237,0.00892
1700000042.584650993347168,0.00324,0.00025,0.00002,0.00230,0.00010,0.00124,0.00715
1700000042.618556022644043,0.00290,0.00018,0.00001,0.00163,0.00007,0.00123,0.00602
1700000042.652461051940918,0.00316,0.00015,0.00002,0.00165,0.00006,0.00116,0.00620
1700000042.686366081237793,0.00320,0.00024,0.00002,0.00291,0.00016,0.00149,0.00802
1700000042.720270872116089,0.00268,0.00017,0.00002,0.00153,0.00009,0.00111,0.00560
1700000042.754175901412964,0.00325,0.00024,0.00002,0.00292,0.00020,0.00236,0.00900
1700000042.788080930709839,0.00309,0.00028,0.00002,0.00205,0.00007,0.00118,0.00669
1700000042.821985960006714,0.00265,0.00016,0.00002,0.00156,0.00010,0.00111,0.00559
1700000042.855890989303589,0.00300,0.00026,0.00006,0.00293,0.00010,0.00227,0.00862
1700000042.889795780181885,0.00351,0.00026,0.00002,0.00291,0.00024,0.00234,0.00927
1700000042.923700809478760,0.00308,0.00025,0.00002,0.00295,0.00029,0.00251,0.00911
1700000042.957605838775635,0.00321,0.00022,0.00002,0.00270,0.00006,0.00127,0.00748
1700000042.991510868072510,0.00323,0.00018,0.00002,0.00167,0.00009,0.00117,0.00636
1700000043.025415658950806,0.00340,0.00021,0.00005,0.00292,0.00008,0.00144,0.00810
1700000043.059320688247681,0.00326,0.00025,0.00002,0.00231,0.00005,0.00121,0.00710
1700000043.093225717544556,0.00332,0.00024,0.00007,0.00220,0.00010,0.00130,0.00724
1700000043.127130746841431,0.00317,0.00027,0.00005,0.00163,0.00008,0.00116,0.00637
1700000043.161035776138306,0.00300,0.00020,0.00007,0.00166,0.00010,0.00121,0.00624
1700000043.194940567016602,0.00328,0.00015,0.00004,0.00169,0.00005,0.00126,0.00647
1700000043.228845596313477,0.00320,0.00025,0.00002,0.00303,0.00017,0.00242,0.00911
1700000043.262750625610352,0.00335,0.00026,0.00002,0.00294,0.00009,0.00167,0.00833
1700000043.296655416488647,0.00349,0.00024,0.00008,0.00292,0.00024,0.00234,0.00931
1700000043.330560445785522,0.00304,0.00027,0.00003,0.00213,0.00015,0.00125,0.00687
1700000043.364465475082397,0.00311,0.00026,0.00005,0.00164,0.00003,0.00153,0.00662
1700000043.398370504379272,0.00391,0.00016,0.00002,0.00156,0.00009,0.00113,0.00687
1700000043.432275533676147,0.00308,0.00025,0.00006,0.00293,0.00009,0.00239,0.00881
1700000043.466180324554443,0.00313,0.00025,0.00002,0.00191,0.00005,0.00117,0.00653
1700000043.500085353851318,0.00231,0.00017,0.00002,0.00151,0.00009,0.00111,0.00521
1700000043.533990383148193,0.00293,0.00016,0.00001,0.00159,0.00008,0.00120,0.00598
1700000043.567895412445068,0.00300,0.00014,0.00001,0.00159,0.00011,0.00126,0.00611
1700000043.601800441741943,0.00291,0.00014,0.00001,0.00156,0.00006,0.00115,0.00584
1700000043.635705232620239,0.00304,0.00033,0.00002,0.00189,0.00009,0.00122,0.00659
1700000043.669610261917114,0.00309,0.00026,0.00002,0.00185,0.00007,0.00120,0.00649
1700000043.703515291213989,0.00296,0.00023,0.00002,0.00244,0.00013,0.00123,0.00701
1700000043.737420320510864,0.00284,0.00019,0.00002,0.00155,0.00013,0.00126,0.00599
1700000043.771325111389160,0.00292,0.00024,0.00007,0.00202,0.00003,0.00130,0.00658
1700000043.805230140686035,0.00307,0.00026,0.00011,0.00226,0.00009,0.00125,0.00704
1700000043.839135169982910,0.00309,0.00024,0.00002,0.00286,0.00011,0.00228,0.00859
1700000043.873040199279785,0.00319,0.00025,0.00007,0.00281,0.00004,0.00250,0.00887
1700000043.906945228576660,0.00273,0.00017,0.00005,0.00152,0.00006,0.00111,0.00564
1700000043.940850019454956,0.00264,0.00017,0.00002,0.00159,0.00009,0.00114,0.00565
1700000043.974755048751831,0.00312,0.00025,0.00002,0.00267,0.00010,0.00126,0.00742
1700000044.008660078048706,0.00318,0.00023,0.00006,0.00282,0.00005,0.00243,0.00877
1700000044.042565107345581,0.00257,0.00016,0.00001,0.00153,0.00009,0.00116,0.00552
1700000044.076469898223877,0.00253,0.00015,0.00001,0.00146,0.00007,0.00113,0.00536
1700000044.110374927520752,0.00274,0.00016,0.00002,0.00148,0.00013,0.00112,0.00565
1700000044.144279956817627,0.00320,0.00030,0.00002,0.00242,0.00016,0.00129,0.00739
1700000044.178184986114502,0.00291,0.00016,0.00001,0.00150,0.00003,0.00116,0.00577
1700000044.212090015411377,0.00292,0.00013,0.00004,0.00144,0.00008,0.00118,0.00578
1700000044.245994806289673,0.00314,0.00026,0.00005,0.00146,0.00007,0.00128,0.00627
1700000044.279899835586548,0.00322,0.00025,0.00003,0.00205,0.00003,0.00125,0.00684
1700000044.313804864883423,0.00373,0.00023,0.00002,0.00260,0.00018,0.00233,0.00909
1700000044.347709894180298,0.00370,0.00023,0.00002,0.00235,0.00008,0.00126,0.00764
1700000044.381614923477173,0.00333,0.00027,0.00008,0.00250,0.00023,0.00234,0.00875
1700000044.415519714355469,0.00323,0.00024,0.00002,0.00248,0.00005,0.00238,0.00841
1700000044.449424743652344,0.00322,0.00025,0.00002,0.00250,0.00020,0.00237,0.00856
1700000044.483329772949219,0.00342,0.00023,0.00002,0.00249,0.00014,0.00235,0.00865
1700000044.517234802246094,0.00307,0.00027,0.00006,0.00246,0.00027,0.00235,0.00849
1700000044.551139593124390,0.00319,0.00025,0.00002,0.00249,0.00028,0.00210,0.00834
1700000044.585044622421265,0.00330,0.00034,0.00002,0.00209,0.00003,0.00123,0.00701
1700000044.618949651718140,0.00328,0.00024,0.00002,0.00249,0.00018,0.00237,0.00858
1700000044.652854681015015,0.00315,0.00024,0.00002,0.00167,0.00007,0.00161,0.00676
1700000044.686759710311890,0.00336,0.00024,0.00002,0.00221,0.00003,0.00131,0.00718
1700000044.720664501190186,0.00311,0.00025,0.00002,0.00184,0.00009,0.00117,0.00648
1700000044.754569530487061,0.00259,0.00018,0.00001,0.00138,0.00007,0.00119,0.00543
1700000044.788474559783936,0.00301,0.00015,0.00001,0.00139,0.00010,0.00115,0.00581
1700000044.822379589080811,0.00272,0.00014,0.00001,0.00130,0.00003,0.00115,0.00535
1700000044.856284379959106,0.00318,0.00024,0.00003,0.00224,0.00011,0.00121,0.00701
1700000044.890189409255981,0.00313,0.00025,0.00002,0.00196,0.00007,0.00126,0.00670
1700000044.924094438552856,0.00315,0.00025,0.00002,0.00228,0.00015,0.00124,0.00709
1700000044.957999467849731,0.00257,0.00015,0.00002,0.00145,0.00015,0.00105,0.00538
1700000045.025809288024902,0.00246,0.00020,0.00001,0.00131,0.00003,0.00115,0.00517
