# timestamp (sec),tracking,propagation,msckf update,slam update,slam delayed,re-tri & marg,total
1700000008.134921789169312,0.00370,0.00015,0.00030,0.00000,0.00000,0.00192,0.00607
1700000008.168817281723022,0.00421,0.00017,0.00114,0.00000,0.00000,0.00124,0.00676
1700000008.202712774276733,0.00391,0.00017,0.00121,0.00000,0.00000,0.00203,0.00732
1700000008.236608266830444,0.00469,0.00017,0.00010,0.00000,0.00000,0.00210,0.00707
1700000008.270503759384155,0.00481,0.00017,0.00013,0.00000,0.00000,0.00246,0.00757
1700000008.304399251937866,0.00365,0.00014,0.00010,0.00000,0.00000,0.00134,0.00523
1700000008.338294744491577,0.00377,0.00009,0.00005,0.00000,0.00000,0.00119,0.00509
1700000008.372190237045288,0.00279,0.00009,0.00010,0.00000,0.00000,0.00113,0.00412
1700000008.406085729598999,0.00387,0.00011,0.00015,0.00000,0.00000,0.00119,0.00531
1700000008.439981222152710,0.00323,0.00013,0.00012,0.00000,0.00000,0.00128,0.00475
1700000008.473876714706421,0.00328,0.00012,0.00028,0.00000,0.00000,0.00118,0.00487
1700000008.507772445678711,0.00410,0.00017,0.00050,0.00000,0.00000,0.00118,0.00594
1700000008.541667938232422,0.00287,0.00013,0.00048,0.00000,0.00000,0.00110,0.00458
1700000008.575563430786133,0.00401,0.00017,0.00477,0.00000,0.00000,0.00153,0.01047
1700000008.609458923339844,0.00401,0.00017,0.00502,0.00000,0.00000,0.00146,0.01066
1700000008.643354415893555,0.00327,0.00014,0.00029,0.00000,0.00000,0.00122,0.00493
1700000008.677249908447266,0.00349,0.00012,0.00011,0.00000,0.00000,0.00146,0.00517
1700000008.711145401000977,0.00386,0.00016,0.00071,0.00000,0.00000,0.00232,0.00704
1700000008.745040893554688,0.00427,0.00018,0.00019,0.00000,0.00000,0.00228,0.00693
1700000008.778936386108398,0.00331,0.00011,0.00007,0.00000,0.00000,0.00109,0.00459
1700000008.812831878662109,0.00392,0.00018,0.00027,0.00000,0.00000,0.00241,0.00678
1700000008.846727371215820,0.00414,0.00017,0.00033,0.00000,0.00000,0.00163,0.00628
1700000008.880622863769531,0.00352,0.00016,0.00057,0.00000,0.00000,0.00242,0.00667
1700000008.914518356323242,0.00399,0.00017,0.00051,0.00000,0.00000,0.00172,0.00639
1700000008.948413848876953,0.00297,0.00014,0.00095,0.00000,0.00000,0.00118,0.00524
1700000008.982309341430664,0.00437,0.00017,0.00482,0.00000,0.00000,0.00227,0.01164
1700000009.016205072402954,0.00481,0.00017,0.00515,0.00000,0.00000,0.00192,0.01205
1700000009.050100564956665,0.00401,0.00011,0.00033,0.00000,0.00000,0.00130,0.00575
1700000009.083996057510376,0.00442,0.00016,0.00015,0.00000,0.00000,0.00149,0.00622
1700000009.117891550064087,0.00416,0.00018,0.00276,0.00000,0.00000,0.00231,0.00941
1700000009.151787042617798,0.00338,0.00010,0.00030,0.00000,0.00000,0.00116,0.00494
1700000009.185682535171509,0.00378,0.00011,0.00022,0.00000,0.00000,0.00123,0.00535
1700000009.219578027725220,0.00432,0.00019,0.00017,0.00000,0.00000,0.00136,0.00604
1700000009.253473520278931,0.00368,0.00010,0.00006,0.00000,0.00000,0.00119,0.00503
1700000009.287369012832642,0.00261,0.00011,0.00046,0.00000,0.00000,0.00119,0.00438
1700000009.321264505386353,0.00266,0.00010,0.00030,0.00000,0.00000,0.00109,0.00414
1700000009.355159997940063,0.00398,0.00010,0.00072,0.00000,0.00000,0.00132,0.00612
1700000009.389055490493774,0.00388,0.00011,0.00269,0.00000,0.00000,0.00193,0.00861
1700000009.422950983047485,0.00287,0.00012,0.00243,0.00000,0.00000,0.00126,0.00667
1700000009.456846475601196,0.00371,0.00020,0.00170,0.00000,0.00000,0.00167,0.00728
1700000009.490741968154907,0.00358,0.00017,0.00050,0.00000,0.00000,0.00128,0.00553
1700000009.524637460708618,0.00329,0.00018,0.00179,0.00000,0.00000,0.00246,0.00772
1700000009.558533191680908,0.00327,0.00017,0.00187,0.00000,0.00000,0.00239,0.00769
1700000009.592428684234619,0.00302,0.00010,0.00006,0.00000,0.00000,0.00181,0.00498
1700000009.626324176788330,0.00341,0.00011,0.00015,0.00000,0.00000,0.00118,0.00486
1700000009.660219669342041,0.00316,0.00019,0.00014,0.00000,0.00000,0.00126,0.00475
1700000009.694115161895752,0.00322,0.00010,0.00012,0.00000,0.00000,0.00137,0.00482
1700000009.728010654449463,0.00266,0.00010,0.00018,0.00000,0.00000,0.00117,0.00411
1700000009.761906147003174,0.00470,0.00016,0.00032,0.00000,0.00000,0.00188,0.00706
1700000009.795801639556885,0.00280,0.00011,0.00034,0.00000,0.00000,0.00116,0.00441
1700000009.829697132110596,0.00340,0.00019,0.00067,0.00000,0.00000,0.00228,0.00654
1700000009.863592624664307,0.00344,0.00017,0.00035,0.00000,0.00000,0.00239,0.00636
1700000009.897488117218018,0.00339,0.00020,0.00016,0.00000,0.00000,0.00267,0.00642
1700000009.931383609771729,0.00309,0.00014,0.00054,0.00000,0.00000,0.00133,0.00510
1700000009.965279102325439,0.00327,0.00019,0.00092,0.00000,0.00000,0.00162,0.00600
1700000009.999174594879150,0.00348,0.00016,0.00006,0.00000,0.00006,0.00203,0.00579
1700000010.033070087432861,0.00357,0.00018,0.00007,0.00000,0.00025,0.00218,0.00624
1700000010.066965818405151,0.00375,0.00011,0.00022,0.00000,0.00003,0.00122,0.00533
1700000010.100861310958862,0.00411,0.00017,0.00008,0.00000,0.00014,0.00241,0.00692
1700000010.134756803512573,0.00362,0.00017,0.00008,0.00000,0.00060,0.00173,0.00619
1700000010.168652296066284,0.00370,0.00017,0.00010,0.00008,0.00096,0.00234,0.00735
1700000010.202547788619995,0.00417,0.00012,0.00018,0.00005,0.00219,0.00115,0.00788
1700000010.236443281173706,0.00349,0.00011,0.00007,0.00024,0.00343,0.00115,0.00849
1700000010.270338773727417,0.00412,0.00023,0.00002,0.00118,0.00182,0.00128,0.00865
1700000010.304234266281128,0.00346,0.00023,0.00086,0.00199,0.00078,0.00253,0.00985
1700000010.338129758834839,0.00336,0.00016,0.00007,0.00113,0.00111,0.00116,0.00699
1700000010.372025251388550,0.00285,0.00015,0.00013,0.00123,0.00143,0.00114,0.00693
1700000010.405920743942261,0.00393,0.00025,0.00015,0.00150,0.00080,0.00174,0.00837
1700000010.439816236495972,0.00377,0.00024,0.00011,0.00291,0.00013,0.00194,0.00910
1700000010.473711729049683,0.00299,0.00017,0.00010,0.00164,0.00050,0.00140,0.00681
1700000010.507607221603394,0.00314,0.00017,0.00007,0.00147,0.00042,0.00156,0.00683
1700000010.541502714157104,0.00305,0.00014,0.00006,0.00150,0.00042,0.00113,0.00630
1700000010.575398445129395,0.00358,0.00017,0.00018,0.00161,0.00003,0.00170,0.00728
1700000010.609293937683105,0.00361,0.00020,0.00049,0.00150,0.00270,0.00126,0.00976
1700000010.643189430236816,0.00366,0.00028,0.00220,0.00375,0.00183,0.00160,0.01333
1700000010.677084922790527,0.00306,0.00016,0.00009,0.00222,0.00004,0.00175,0.00733
1700000010.710980415344238,0.00316,0.00018,0.00061,0.00270,0.00010,0.00195,0.00870
1700000010.744875907897949,0.00367,0.00027,0.00012,0.00231,0.00007,0.00120,0.00765
1700000010.778771400451660,0.00371,0.00033,0.00005,0.00234,0.00002,0.00134,0.00779
1700000010.812666893005371,0.00412,0.00026,0.00008,0.00246,0.00005,0.00138,0.00835
1700000010.846562385559082,0.00391,0.00025,0.00017,0.00289,0.00060,0.00161,0.00943
1700000010.880457878112793,0.00382,0.00027,0.00027,0.00356,0.00104,0.00131,0.01028
1700000010.914353370666504,0.00364,0.00025,0.00047,0.00231,0.00005,0.00122,0.00794
1700000010.948248863220215,0.00382,0.00027,0.00083,0.00354,0.00010,0.00236,0.01091
1700000010.982144355773926,0.00311,0.00016,0.00005,0.00195,0.00003,0.00127,0.00658
1700000011.016039848327637,0.00348,0.00016,0.00007,0.00205,0.00056,0.00142,0.00775
1700000011.049935340881348,0.00293,0.00020,0.00148,0.00250,0.00017,0.00166,0.00894
1700000011.083831071853638,0.00429,0.00019,0.00010,0.00271,0.00005,0.00266,0.01000
1700000011.117726564407349,0.00464,0.00018,0.00009,0.00218,0.00002,0.00132,0.00844
1700000011.151622056961060,0.00295,0.00017,0.00010,0.00194,0.00004,0.00126,0.00646
1700000011.185517549514771,0.00357,0.00017,0.00007,0.00193,0.00044,0.00116,0.00734
1700000011.219413042068481,0.00363,0.00016,0.00007,0.00215,0.00048,0.00119,0.00768
1700000011.253308534622192,0.00337,0.00017,0.00011,0.00263,0.00000,0.00159,0.00789
1700000011.287204027175903,0.00331,0.00019,0.00008,0.00209,0.00004,0.00153,0.00724
1700000011.321099519729614,0.00503,0.00031,0.00021,0.00416,0.00010,0.00193,0.01175
1700000011.354995012283325,0.00296,0.00017,0.00029,0.00191,0.00049,0.00195,0.00777
1700000011.388890504837036,0.00421,0.00015,0.00012,0.00209,0.00002,0.00144,0.00803
1700000011.422785997390747,0.00454,0.00027,0.00055,0.00260,0.00008,0.00140,0.00943
1700000011.456681489944458,0.00392,0.00019,0.00135,0.00227,0.00137,0.00209,0.01119
1700000011.490576982498169,0.00309,0.00018,0.00007,0.00209,0.00087,0.00135,0.00765
1700000011.524472475051880,0.00261,0.00020,0.00046,0.00224,0.00046,0.00126,0.00723
1700000011.558367967605591,0.00299,0.00017,0.00009,0.00239,0.00002,0.00205,0.00771
1700000011.592263460159302,0.00371,0.00028,0.00080,0.00441,0.00006,0.00181,0.01107
1700000011.626159191131592,0.00351,0.00020,0.00006,0.00260,0.00002,0.00178,0.00817
1700000011.660054683685303,0.00310,0.00019,0.00010,0.00237,0.00002,0.00123,0.00700
1700000011.693950176239014,0.00330,0.00016,0.00020,0.00226,0.00002,0.00188,0.00783
1700000011.727845668792725,0.00343,0.00029,0.00012,0.00282,0.00005,0.00145,0.00816
1700000011.761741161346436,0.00278,0.00022,0.00011,0.00275,0.00004,0.00175,0.00764
1700000011.795636653900146,0.00270,0.00020,0.00017,0.00279,0.00005,0.00153,0.00744
1700000011.829532146453857,0.00283,0.00016,0.00014,0.00224,0.00003,0.00129,0.00671
1700000011.863427639007568,0.00330,0.00020,0.00022,0.00221,0.00003,0.00126,0.00722
1700000011.897323131561279,0.00358,0.00028,0.00014,0.00342,0.00005,0.00148,0.00896
1700000011.931218624114990,0.00297,0.00018,0.00012,0.00225,0.00003,0.00127,0.00682
1700000011.965114116668701,0.00396,0.00032,0.00018,0.00266,0.00005,0.00172,0.00888
1700000011.999009609222412,0.00331,0.00019,0.00048,0.00228,0.00004,0.00123,0.00752
1700000012.032905101776123,0.00314,0.00016,0.00011,0.00216,0.00003,0.00116,0.00676
1700000012.066800594329834,0.00426,0.00029,0.00013,0.00417,0.00000,0.00126,0.01009
1700000012.100696086883545,0.00283,0.00019,0.00065,0.00220,0.00047,0.00134,0.00768
1700000012.134591579437256,0.00442,0.00029,0.00026,0.00307,0.00004,0.00166,0.00974
1700000012.168487071990967,0.00394,0.00031,0.00041,0.00421,0.00005,0.00258,0.01149
1700000012.202382802963257,0.00321,0.00021,0.00009,0.00208,0.00049,0.00118,0.00726
1700000012.236278295516968,0.00416,0.00027,0.00096,0.00286,0.00050,0.00124,0.01000
1700000012.270173788070679,0.00371,0.00028,0.00154,0.00216,0.00049,0.00127,0.00946
1700000012.304069280624390,0.00401,0.00016,0.00049,0.00234,0.00052,0.00132,0.00885
1700000012.337964773178101,0.00344,0.00017,0.00156,0.00238,0.00000,0.00130,0.00885
1700000012.371860265731812,0.00321,0.00020,0.00021,0.00229,0.00000,0.00120,0.00711
1700000012.405755758285522,0.00396,0.00027,0.00010,0.00432,0.00094,0.00233,0.01191
1700000012.439651250839233,0.00304,0.00017,0.00051,0.00237,0.00000,0.00121,0.00731
1700000012.473546743392944,0.00338,0.00021,0.00007,0.00255,0.00000,0.00136,0.00758
1700000012.507442235946655,0.00361,0.00020,0.00062,0.00246,0.00000,0.00151,0.00840
1700000012.541337728500366,0.00440,0.00030,0.00018,0.00439,0.00090,0.00242,0.01259
1700000012.575233221054077,0.00303,0.00018,0.00009,0.00240,0.00000,0.00136,0.00706
1700000012.609128713607788,0.00337,0.00020,0.00091,0.00237,0.00000,0.00126,0.00812
1700000012.643024206161499,0.00423,0.00034,0.00052,0.00239,0.00002,0.00180,0.00930
1700000012.676919698715210,0.00376,0.00036,0.00172,0.00391,0.00004,0.00178,0.01156
1700000012.710815191268921,0.00348,0.00029,0.00098,0.00371,0.00004,0.00143,0.00993
1700000012.744710683822632,0.00289,0.00020,0.00075,0.00233,0.00002,0.00129,0.00748
1700000012.778606414794922,0.00342,0.00027,0.00228,0.00315,0.00003,0.00129,0.01044
1700000012.812501907348633,0.00437,0.00027,0.00016,0.00350,0.00004,0.00133,0.00966
1700000012.846397399902344,0.00363,0.00018,0.00006,0.00256,0.00000,0.00144,0.00788
1700000012.880292892456055,0.00356,0.00027,0.00014,0.00380,0.00004,0.00154,0.00934
1700000012.914188385009766,0.00316,0.00017,0.00049,0.00276,0.00003,0.00159,0.00820
1700000012.948083877563477,0.00323,0.00019,0.00008,0.00262,0.00002,0.00118,0.00732
1700000012.981979370117188,0.00363,0.00029,0.00034,0.00397,0.00004,0.00241,0.01068
1700000013.015874862670898,0.00305,0.00015,0.00006,0.00219,0.00092,0.00124,0.00761
1700000013.049770355224609,0.00387,0.00016,0.00057,0.00237,0.00002,0.00139,0.00839
1700000013.083665847778320,0.00302,0.00016,0.00056,0.00227,0.00002,0.00114,0.00717
1700000013.117561340332031,0.00307,0.00017,0.00086,0.00214,0.00002,0.00126,0.00753
1700000013.151456832885742,0.00390,0.00027,0.00017,0.00334,0.00099,0.00130,0.00997
1700000013.185352325439453,0.00401,0.00031,0.00175,0.00369,0.00004,0.00274,0.01254
1700000013.219247817993164,0.00364,0.00026,0.00022,0.00388,0.00004,0.00239,0.01043
1700000013.253143310546875,0.00358,0.00029,0.00012,0.00398,0.00000,0.00251,0.01047
1700000013.287038803100586,0.00332,0.00026,0.00002,0.00216,0.00004,0.00120,0.00700
1700000013.320934295654297,0.00337,0.00027,0.00002,0.00209,0.00049,0.00145,0.00769
1700000013.354830026626587,0.00368,0.00027,0.00002,0.00395,0.00007,0.00144,0.00943
1700000013.388725519180298,0.00351,0.00028,0.00008,0.00398,0.00007,0.00133,0.00926
1700000013.422621011734009,0.00342,0.00027,0.00002,0.00390,0.00014,0.00247,0.01023
1700000013.456516504287720,0.00339,0.00028,0.00027,0.00321,0.00009,0.00136,0.00861
1700000013.490411996841431,0.00321,0.00026,0.00051,0.00363,0.00013,0.00180,0.00955
1700000013.524307489395142,0.00316,0.00026,0.00008,0.00406,0.00015,0.00242,0.01013
1700000013.558202981948853,0.00311,0.00026,0.00009,0.00396,0.00014,0.00261,0.01017
1700000013.592098474502563,0.00314,0.00028,0.00033,0.00401,0.00015,0.00270,0.01061
1700000013.625993967056274,0.00274,0.00021,0.00002,0.00220,0.00007,0.00128,0.00652
1700000013.659889459609985,0.00596,0.00021,0.00002,0.00359,0.00009,0.00238,0.01225
1700000013.693784952163696,0.00319,0.00025,0.00002,0.00409,0.00005,0.00224,0.00984
1700000013.727680444717407,0.00377,0.00024,0.00008,0.00365,0.00008,0.00148,0.00930
1700000013.761575937271118,0.00373,0.00018,0.00007,0.00354,0.00009,0.00187,0.00947
1700000013.795471429824829,0.00417,0.00027,0.00010,0.00346,0.00028,0.00186,0.01013
1700000013.829366922378540,0.00401,0.00024,0.00009,0.00368,0.00011,0.00167,0.00980
1700000013.863262414932251,0.00506,0.00018,0.00056,0.00336,0.00076,0.00190,0.01183
1700000013.897157907485962,0.00418,0.00030,0.00196,0.00209,0.00051,0.00141,0.01044
1700000013.931053638458252,0.00360,0.00028,0.00012,0.00335,0.00005,0.00137,0.00877
1700000013.964949131011963,0.00375,0.00028,0.00018,0.00419,0.00007,0.00158,0.01005
1700000013.998844623565674,0.00317,0.00020,0.00061,0.00243,0.00004,0.00154,0.00800
1700000014.032740116119385,0.00401,0.00030,0.00007,0.00456,0.00090,0.00168,0.01152
1700000014.066635608673096,0.00274,0.00016,0.00012,0.00212,0.00000,0.00134,0.00649
1700000014.100531101226807,0.00358,0.00038,0.00013,0.00409,0.00000,0.00192,0.01011
1700000014.134426593780518,0.00294,0.00017,0.00006,0.00211,0.00005,0.00117,0.00650
1700000014.168322086334229,0.00428,0.00027,0.00010,0.00398,0.00010,0.00173,0.01045
1700000014.202217578887939,0.00458,0.00027,0.00012,0.00389,0.00093,0.00237,0.01217
1700000014.236113071441650,0.00379,0.00022,0.00010,0.00220,0.00002,0.00125,0.00758
1700000014.270008563995361,0.00306,0.00017,0.00043,0.00215,0.00048,0.00119,0.00749
1700000014.303904056549072,0.00323,0.00016,0.00059,0.00226,0.00003,0.00119,0.00747
1700000014.337799549102783,0.00365,0.00029,0.00060,0.00221,0.00048,0.00131,0.00854
1700000014.371695041656494,0.00376,0.00016,0.00046,0.00215,0.00046,0.00120,0.00820
1700000014.405590534210205,0.00421,0.00028,0.00191,0.00218,0.00047,0.00126,0.01030
1700000014.439486265182495,0.00326,0.00019,0.00005,0.00234,0.00000,0.00113,0.00698
1700000014.473381757736206,0.00314,0.00017,0.00010,0.00234,0.00000,0.00119,0.00695
1700000014.507277250289917,0.00313,0.00016,0.00009,0.00227,0.00000,0.00113,0.00678
1700000014.541172742843628,0.00276,0.00016,0.00008,0.00225,0.00050,0.00115,0.00690
1700000014.575068235397339,0.00338,0.00017,0.00008,0.00241,0.00002,0.00116,0.00723
1700000014.608963727951050,0.00378,0.00019,0.00059,0.00233,0.00002,0.00122,0.00813
1700000014.642859220504761,0.00324,0.00018,0.00005,0.00232,0.00000,0.00113,0.00692
1700000014.676754713058472,0.00388,0.00028,0.00026,0.00369,0.00059,0.00145,0.01014
1700000014.710650205612183,0.00407,0.00030,0.00312,0.00402,0.00005,0.00179,0.01335
1700000014.744545698165894,0.00392,0.00017,0.00049,0.00237,0.00002,0.00120,0.00818
1700000014.778441190719604,0.00305,0.00017,0.00009,0.00273,0.00000,0.00148,0.00752
1700000014.812336683273315,0.00396,0.00028,0.00146,0.00264,0.00053,0.00131,0.01017
1700000014.846232175827026,0.00288,0.00017,0.00008,0.00238,0.00000,0.00120,0.00672
1700000014.880127668380737,0.00295,0.00018,0.00128,0.00226,0.00002,0.00119,0.00787
1700000014.914023160934448,0.00329,0.00017,0.00004,0.00251,0.00002,0.00120,0.00723
1700000014.947918653488159,0.00313,0.00023,0.00016,0.00218,0.00002,0.00153,0.00725
1700000014.981814384460449,0.00404,0.00025,0.00090,0.00378,0.00009,0.00241,0.01147
1700000015.015709877014160,0.00384,0.00027,0.00018,0.00379,0.00011,0.00241,0.01060
1700000015.049605369567871,0.00378,0.00019,0.00011,0.00207,0.00001,0.00131,0.00747
1700000015.083500862121582,0.00300,0.00019,0.00008,0.00216,0.00004,0.00138,0.00684
1700000015.117396354675293,0.00302,0.00016,0.00125,0.00213,0.00008,0.00152,0.00817
1700000015.151291847229004,0.00293,0.00022,0.00006,0.00264,0.00005,0.00167,0.00756
1700000015.185187339782715,0.00340,0.00018,0.00005,0.00211,0.00048,0.00129,0.00752
1700000015.219082832336426,0.00333,0.00026,0.00016,0.00241,0.00007,0.00132,0.00754
1700000015.252978324890137,0.00340,0.00028,0.00016,0.00366,0.00013,0.00145,0.00909
1700000015.286873817443848,0.00332,0.00028,0.00008,0.00246,0.00012,0.00126,0.00751
1700000015.320769309997559,0.00314,0.00020,0.00006,0.00205,0.00007,0.00123,0.00675
1700000015.354664802551270,0.00328,0.00027,0.00002,0.00310,0.00014,0.00128,0.00809
1700000015.388560295104980,0.00324,0.00027,0.00015,0.00228,0.00008,0.00135,0.00737
1700000015.422455787658691,0.00283,0.00018,0.00012,0.00207,0.00007,0.00129,0.00657
1700000015.456351280212402,0.00286,0.00020,0.00006,0.00220,0.00007,0.00144,0.00684
1700000015.490247011184692,0.00408,0.00029,0.00009,0.00244,0.00009,0.00139,0.00838
1700000015.524142503738403,0.00308,0.00015,0.00009,0.00204,0.00008,0.00137,0.00681
1700000015.558037996292114,0.00335,0.00027,0.00006,0.00276,0.00008,0.00134,0.00787
1700000015.591933488845825,0.00322,0.00020,0.00008,0.00209,0.00004,0.00120,0.00682
1700000015.625828981399536,0.00280,0.00015,0.00009,0.00202,0.00008,0.00121,0.00636
1700000015.659724473953247,0.00285,0.00023,0.00007,0.00208,0.00008,0.00125,0.00655
1700000015.693619966506958,0.00274,0.00019,0.00008,0.00199,0.00006,0.00123,0.00629
1700000015.727515459060669,0.00360,0.00027,0.00083,0.00317,0.00010,0.00129,0.00926
1700000015.761410951614380,0.00312,0.00016,0.00007,0.00199,0.00006,0.00123,0.00663
1700000015.795306444168091,0.00384,0.00028,0.00022,0.00331,0.00054,0.00145,0.00965
1700000015.829201936721802,0.00390,0.00027,0.00085,0.00362,0.00013,0.00252,0.01130
1700000015.863097429275513,0.00341,0.00020,0.00041,0.00240,0.00000,0.00168,0.00810
1700000015.896992921829224,0.00363,0.00020,0.00006,0.00198,0.00005,0.00122,0.00714
1700000015.930888414382935,0.00338,0.00027,0.00024,0.00357,0.00062,0.00137,0.00944
1700000015.964783906936646,0.00387,0.00028,0.00026,0.00378,0.00010,0.00148,0.00978
1700000015.998679637908936,0.00314,0.00018,0.00008,0.00204,0.00046,0.00116,0.00706
1700000016.032575130462646,0.00298,0.00017,0.00082,0.00204,0.00006,0.00117,0.00724
1700000016.066470623016357,0.00307,0.00017,0.00008,0.00236,0.00005,0.00130,0.00703
1700000016.100366115570068,0.00307,0.00016,0.00007,0.00206,0.00046,0.00121,0.00702
1700000016.134261608123779,0.00318,0.00019,0.00046,0.00220,0.00088,0.00117,0.00808
1700000016.168157100677490,0.00319,0.00019,0.00057,0.00250,0.00002,0.00128,0.00774
1700000016.202052593231201,0.00394,0.00017,0.00086,0.00242,0.00002,0.00147,0.00889
1700000016.235948085784912,0.00372,0.00030,0.00156,0.00368,0.00004,0.00179,0.01110
1700000016.269843578338623,0.00448,0.00042,0.00111,0.00422,0.00005,0.00183,0.01212
1700000016.303739070892334,0.00331,0.00015,0.00006,0.00243,0.00047,0.00120,0.00763
1700000016.337634563446045,0.00335,0.00017,0.00060,0.00249,0.00000,0.00122,0.00784
1700000016.371530055999756,0.00288,0.00018,0.00094,0.00245,0.00000,0.00132,0.00777
1700000016.405425548553467,0.00293,0.00017,0.00065,0.00254,0.00000,0.00143,0.00772
1700000016.439321041107178,0.00393,0.00029,0.00115,0.00413,0.00000,0.00184,0.01134
1700000016.473216533660889,0.00438,0.00026,0.00020,0.00301,0.00000,0.00120,0.00905
1700000016.507112264633179,0.00331,0.00018,0.00035,0.00237,0.00002,0.00120,0.00744
1700000016.541007757186890,0.00358,0.00017,0.00012,0.00251,0.00002,0.00122,0.00763
1700000016.574903249740601,0.00319,0.00018,0.00162,0.00238,0.00004,0.00160,0.00901
1700000016.608798742294312,0.00428,0.00032,0.00053,0.00229,0.00004,0.00128,0.00875
1700000016.642694234848022,0.00346,0.00016,0.00015,0.00199,0.00047,0.00128,0.00751
1700000016.676589727401733,0.00364,0.00017,0.00007,0.00209,0.00044,0.00117,0.00758
1700000016.710485219955444,0.00388,0.00019,0.00006,0.00213,0.00002,0.00116,0.00744
1700000016.744380712509155,0.00369,0.00027,0.00019,0.00379,0.00166,0.00229,0.01189
1700000016.778276205062866,0.00306,0.00017,0.00067,0.00202,0.00047,0.00128,0.00766
1700000016.812171697616577,0.00362,0.00020,0.00007,0.00197,0.00044,0.00121,0.00751
1700000016.846067190170288,0.00360,0.00017,0.00052,0.00219,0.00093,0.00129,0.00873
1700000016.879962682723999,0.00420,0.00030,0.00013,0.00278,0.00046,0.00116,0.00903
1700000016.913858175277710,0.00268,0.00016,0.00016,0.00217,0.00088,0.00121,0.00726
1700000016.947753667831421,0.00289,0.00018,0.00012,0.00236,0.00000,0.00122,0.00677
1700000016.981649160385132,0.00394,0.00028,0.00143,0.00253,0.00004,0.00143,0.00966
1700000017.015544652938843,0.00351,0.00027,0.00043,0.00240,0.00004,0.00123,0.00789
1700000017.049440383911133,0.00387,0.00024,0.00102,0.00231,0.00051,0.00125,0.00920
1700000017.083335876464844,0.00300,0.00016,0.00004,0.00223,0.00003,0.00130,0.00676
1700000017.117231369018555,0.00318,0.00017,0.00002,0.00226,0.00000,0.00126,0.00690
1700000017.151126861572266,0.00257,0.00019,0.00003,0.00215,0.00006,0.00125,0.00626
1700000017.185022354125977,0.00312,0.00027,0.00011,0.00224,0.00004,0.00123,0.00700
1700000017.218917846679688,0.00341,0.00028,0.00005,0.00236,0.00002,0.00131,0.00744
1700000017.252813339233398,0.00296,0.00017,0.00007,0.00224,0.00006,0.00122,0.00673
1700000017.286708831787109,0.00331,0.00033,0.00006,0.00225,0.00003,0.00128,0.00727
1700000017.320604324340820,0.00316,0.00016,0.00002,0.00224,0.00005,0.00162,0.00724
1700000017.354499816894531,0.00329,0.00026,0.00023,0.00389,0.00010,0.00167,0.00944
1700000017.388395309448242,0.00255,0.00022,0.00022,0.00211,0.00006,0.00120,0.00636
1700000017.422290802001953,0.00320,0.00020,0.00022,0.00210,0.00007,0.00127,0.00707
1700000017.456186294555664,0.00275,0.00017,0.00008,0.00219,0.00007,0.00124,0.00651
1700000017.490081787109375,0.00366,0.00030,0.00007,0.00383,0.00007,0.00237,0.01031
1700000017.523977279663086,0.00353,0.00028,0.00008,0.00353,0.00000,0.00168,0.00910
1700000017.557872772216797,0.00342,0.00019,0.00008,0.00278,0.00007,0.00190,0.00845
1700000017.591768503189087,0.00361,0.00026,0.00010,0.00259,0.00051,0.00128,0.00837
1700000017.625663995742798,0.00295,0.00021,0.00008,0.00224,0.00000,0.00120,0.00667
1700000017.659559488296509,0.00331,0.00027,0.00012,0.00340,0.00007,0.00161,0.00877
1700000017.693454980850220,0.00359,0.00028,0.00018,0.00413,0.00005,0.00181,0.01004
1700000017.727350473403931,0.00388,0.00018,0.00002,0.00236,0.00003,0.00133,0.00780
1700000017.761245965957642,0.00324,0.00026,0.00011,0.00400,0.00008,0.00136,0.00904
1700000017.795141458511353,0.00301,0.00018,0.00130,0.00215,0.00006,0.00121,0.00790
1700000017.829036951065063,0.00279,0.00017,0.00136,0.00205,0.00006,0.00127,0.00771
1700000017.862932443618774,0.00470,0.00029,0.00010,0.00235,0.00098,0.00127,0.00968
1700000017.896827936172485,0.00343,0.00029,0.00008,0.00306,0.00006,0.00125,0.00816
1700000017.930723428726196,0.00402,0.00029,0.00010,0.00297,0.00000,0.00133,0.00871
1700000017.964618921279907,0.00321,0.00019,0.00006,0.00217,0.00048,0.00128,0.00738
1700000017.998514413833618,0.00351,0.00018,0.00008,0.00221,0.00010,0.00124,0.00732
1700000018.032409906387329,0.00365,0.00018,0.00009,0.00236,0.00000,0.00132,0.00759
1700000018.066305398941040,0.00383,0.00026,0.00020,0.00270,0.00006,0.00173,0.00879
1700000018.100200891494751,0.00299,0.00018,0.00006,0.00203,0.00113,0.00168,0.00807
1700000018.134096384048462,0.00330,0.00016,0.00010,0.00201,0.00002,0.00122,0.00681
1700000018.167992115020752,0.00347,0.00028,0.00018,0.00273,0.00051,0.00125,0.00842
1700000018.201887607574463,0.00337,0.00016,0.00078,0.00205,0.00049,0.00118,0.00804
1700000018.235783100128174,0.00319,0.00017,0.00187,0.00199,0.00048,0.00125,0.00894
1700000018.269678592681885,0.00326,0.00020,0.00077,0.00224,0.00005,0.00129,0.00781
1700000018.303574085235596,0.00466,0.00018,0.00030,0.00211,0.00045,0.00124,0.00893
1700000018.337469577789307,0.00398,0.00021,0.00005,0.00235,0.00000,0.00125,0.00784
1700000018.371365070343018,0.00301,0.00019,0.00087,0.00207,0.00003,0.00116,0.00735
1700000018.405260562896729,0.00313,0.00020,0.00012,0.00206,0.00002,0.00122,0.00675
1700000018.439156055450439,0.00378,0.00019,0.00025,0.00201,0.00002,0.00147,0.00773
1700000018.473051548004150,0.00347,0.00021,0.00009,0.00210,0.00004,0.00125,0.00716
1700000018.506947040557861,0.00320,0.00015,0.00006,0.00200,0.00000,0.00122,0.00664
1700000018.540842533111572,0.00357,0.00019,0.00009,0.00189,0.00049,0.00129,0.00752
1700000018.574738025665283,0.00389,0.00019,0.00004,0.00199,0.00007,0.00129,0.00747
1700000018.608633518218994,0.00363,0.00028,0.00029,0.00355,0.00079,0.00161,0.01016
1700000018.642529010772705,0.00342,0.00019,0.00196,0.00271,0.00011,0.00174,0.01014
1700000018.676424503326416,0.00405,0.00030,0.00020,0.00392,0.00092,0.00159,0.01099
1700000018.710319995880127,0.00367,0.00025,0.00012,0.00384,0.00000,0.00176,0.00966
1700000018.744215726852417,0.00307,0.00018,0.00006,0.00210,0.00002,0.00116,0.00660
1700000018.778111219406128,0.00351,0.00017,0.00086,0.00206,0.00051,0.00130,0.00841
1700000018.812006711959839,0.00347,0.00020,0.00005,0.00224,0.00000,0.00135,0.00731
1700000018.845902204513550,0.00347,0.00028,0.00016,0.00298,0.00004,0.00181,0.00874
1700000018.879797697067261,0.00353,0.00016,0.00002,0.00206,0.00051,0.00120,0.00749
1700000018.913693189620972,0.00278,0.00019,0.00007,0.00213,0.00003,0.00129,0.00649
1700000018.947588682174683,0.00353,0.00028,0.00008,0.00396,0.00010,0.00224,0.01018
1700000018.981484174728394,0.00389,0.00018,0.00003,0.00231,0.00007,0.00140,0.00788
1700000019.015379667282104,0.00239,0.00020,0.00018,0.00218,0.00007,0.00177,0.00679
1700000019.049275159835815,0.00277,0.00019,0.00060,0.00200,0.00007,0.00135,0.00699
1700000019.083170652389526,0.00284,0.00016,0.00009,0.00207,0.00051,0.00125,0.00694
1700000019.117066144943237,0.00238,0.00019,0.00012,0.00208,0.00006,0.00110,0.00593
1700000019.150961637496948,0.00375,0.00025,0.00079,0.00345,0.00009,0.00236,0.01069
1700000019.184857130050659,0.00303,0.00017,0.00009,0.00203,0.00006,0.00157,0.00696
1700000019.218752622604370,0.00349,0.00028,0.00010,0.00339,0.00001,0.00142,0.00870
1700000019.252648115158081,0.00276,0.00015,0.00005,0.00199,0.00005,0.00124,0.00625
1700000019.286543607711792,0.00264,0.00019,0.00002,0.00197,0.00007,0.00125,0.00615
1700000019.320439338684082,0.00316,0.00021,0.00006,0.00219,0.00008,0.00154,0.00724
1700000019.354334831237793,0.00332,0.00027,0.00020,0.00216,0.00006,0.00129,0.00731
1700000019.388230323791504,0.00350,0.00028,0.00015,0.00376,0.00009,0.00173,0.00952
1700000019.422125816345215,0.00386,0.00023,0.00006,0.00180,0.00008,0.00128,0.00732
1700000019.456021308898926,0.00263,0.00015,0.00020,0.00182,0.00010,0.00125,0.00615
1700000019.489916801452637,0.00382,0.00028,0.00020,0.00346,0.00010,0.00262,0.01048
1700000019.523812294006348,0.00395,0.00017,0.00007,0.00200,0.00002,0.00145,0.00767
1700000019.557707786560059,0.00377,0.00026,0.00009,0.00345,0.00013,0.00245,0.01015
1700000019.591603279113770,0.00437,0.00028,0.00049,0.00341,0.00023,0.00250,0.01128
1700000019.625498771667480,0.00344,0.00018,0.00005,0.00181,0.00000,0.00117,0.00666
1700000019.659394264221191,0.00356,0.00015,0.00006,0.00185,0.00002,0.00125,0.00689
1700000019.693289756774902,0.00416,0.00026,0.00021,0.00334,0.00010,0.00129,0.00936
1700000019.727185249328613,0.00344,0.00016,0.00038,0.00184,0.00054,0.00156,0.00792
1700000019.761080741882324,0.00393,0.00016,0.00008,0.00180,0.00000,0.00125,0.00722
1700000019.794976234436035,0.00305,0.00015,0.00032,0.00182,0.00051,0.00123,0.00708
1700000019.828871726989746,0.00360,0.00027,0.00073,0.00214,0.00053,0.00119,0.00846
1700000019.862767219543457,0.00371,0.00019,0.00182,0.00205,0.00008,0.00117,0.00901
1700000019.896662950515747,0.00357,0.00017,0.00044,0.00199,0.00050,0.00128,0.00795
1700000019.930558443069458,0.00321,0.00016,0.00006,0.00224,0.00046,0.00138,0.00752
1700000019.964453935623169,0.00288,0.00018,0.00048,0.00286,0.00007,0.00177,0.00824
1700000019.998349428176880,0.00413,0.00027,0.00144,0.00303,0.00052,0.00129,0.01067
1700000020.032244920730591,0.00383,0.00028,0.00006,0.00395,0.00055,0.00146,0.01014
1700000020.066140413284302,0.00456,0.00028,0.00119,0.00413,0.00004,0.00196,0.01216
1700000020.100035905838013,0.00407,0.00028,0.00039,0.00425,0.00005,0.00196,0.01099
1700000020.133931398391724,0.00422,0.00027,0.00017,0.00350,0.00063,0.00136,0.01016
1700000020.167826890945435,0.00354,0.00019,0.00006,0.00240,0.00000,0.00134,0.00754
1700000020.201722383499146,0.00396,0.00029,0.00090,0.00243,0.00004,0.00123,0.00885
1700000020.235617876052856,0.00286,0.00019,0.00009,0.00227,0.00003,0.00116,0.00661
1700000020.269513368606567,0.00385,0.00028,0.00267,0.00242,0.00005,0.00141,0.01069
1700000020.303408861160278,0.00386,0.00028,0.00193,0.00412,0.00051,0.00184,0.01255
1700000020.337304353713989,0.00327,0.00017,0.00006,0.00243,0.00000,0.00122,0.00715
1700000020.371199846267700,0.00372,0.00017,0.00018,0.00229,0.00002,0.00117,0.00755
1700000020.405095577239990,0.00319,0.00020,0.00137,0.00221,0.00048,0.00136,0.00882
1700000020.438991069793701,0.00322,0.00021,0.00009,0.00235,0.00050,0.00164,0.00800
1700000020.472886562347412,0.00341,0.00018,0.00114,0.00223,0.00046,0.00126,0.00867
1700000020.506782054901123,0.00359,0.00029,0.00029,0.00302,0.00003,0.00185,0.00907
1700000020.540677547454834,0.00371,0.00027,0.00008,0.00427,0.00000,0.00149,0.00983
1700000020.574573040008545,0.00330,0.00028,0.00077,0.00408,0.00001,0.00238,0.01081
1700000020.608468532562256,0.00333,0.00027,0.00018,0.00397,0.00007,0.00136,0.00919
1700000020.642364025115967,0.00366,0.00039,0.00059,0.00218,0.00006,0.00135,0.00823
1700000020.676259517669678,0.00384,0.00028,0.00106,0.00264,0.00075,0.00185,0.01042
1700000020.710155010223389,0.00270,0.00018,0.00010,0.00228,0.00004,0.00123,0.00654
1700000020.744050502777100,0.00304,0.00020,0.00024,0.00337,0.00089,0.00123,0.00897
1700000020.777945995330811,0.00392,0.00029,0.00038,0.00276,0.00005,0.00125,0.00864
1700000020.811841487884521,0.00323,0.00017,0.00015,0.00213,0.00004,0.00123,0.00696
1700000020.845736980438232,0.00322,0.00020,0.00005,0.00221,0.00004,0.00133,0.00704
1700000020.879632472991943,0.00262,0.00017,0.00002,0.00231,0.00113,0.00161,0.00785
1700000020.913528203964233,0.00327,0.00026,0.00018,0.00428,0.00008,0.00234,0.01040
1700000020.947423696517944,0.00292,0.00018,0.00010,0.00224,0.00000,0.00120,0.00664
1700000020.981319189071655,0.00358,0.00027,0.00010,0.00397,0.00004,0.00130,0.00928
1700000021.015214681625366,0.00377,0.00030,0.00008,0.00390,0.00011,0.00234,0.01049
1700000021.049110174179077,0.00396,0.00027,0.00024,0.00268,0.00007,0.00235,0.00957
1700000021.083005666732788,0.00439,0.00022,0.00023,0.00295,0.00008,0.00191,0.00976
1700000021.116901159286499,0.00304,0.00018,0.00007,0.00203,0.00007,0.00122,0.00662
1700000021.150796651840210,0.00341,0.00025,0.00009,0.00204,0.00008,0.00129,0.00716
1700000021.184692144393921,0.00345,0.00017,0.00013,0.00195,0.00009,0.00130,0.00708
1700000021.218587636947632,0.00314,0.00018,0.00010,0.00201,0.00008,0.00125,0.00676
1700000021.252483129501343,0.00294,0.00020,0.00004,0.00202,0.00005,0.00125,0.00649
1700000021.286378622055054,0.00325,0.00027,0.00009,0.00362,0.00007,0.00252,0.00983
1700000021.320274114608765,0.00318,0.00019,0.00005,0.00195,0.00008,0.00129,0.00675
1700000021.354169607162476,0.00280,0.00016,0.00006,0.00200,0.00007,0.00126,0.00635
1700000021.388065099716187,0.00312,0.00026,0.00003,0.00333,0.00004,0.00149,0.00828
1700000021.421960830688477,0.00338,0.00034,0.00004,0.00278,0.00008,0.00175,0.00836
1700000021.455856323242188,0.00323,0.00017,0.00014,0.00204,0.00010,0.00134,0.00700
1700000021.489751815795898,0.00361,0.00029,0.00012,0.00381,0.00022,0.00251,0.01056
1700000021.523647308349609,0.00371,0.00022,0.00003,0.00200,0.00010,0.00121,0.00727
1700000021.557542800903320,0.00383,0.00018,0.00006,0.00212,0.00010,0.00130,0.00759
1700000021.591438293457031,0.00352,0.00027,0.00026,0.00242,0.00012,0.00133,0.00792
1700000021.625333786010742,0.00334,0.00017,0.00009,0.00203,0.00010,0.00152,0.00725
1700000021.659229278564453,0.00308,0.00016,0.00005,0.00213,0.00119,0.00197,0.00858
1700000021.693124771118164,0.00320,0.00018,0.00006,0.00221,0.00005,0.00121,0.00691
1700000021.727020263671875,0.00338,0.00021,0.00086,0.00215,0.00050,0.00130,0.00841
1700000021.760915756225586,0.00289,0.00017,0.00007,0.00221,0.00005,0.00128,0.00667
1700000021.794811248779297,0.00378,0.00028,0.00010,0.00410,0.00005,0.00250,0.01081
1700000021.828706741333008,0.00349,0.00025,0.00006,0.00375,0.00321,0.00165,0.01242
1700000021.862602233886719,0.00365,0.00029,0.00231,0.00217,0.00000,0.00128,0.00970
1700000021.896497726440430,0.00340,0.00017,0.00067,0.00125,0.00000,0.00124,0.00673
1700000021.930393218994141,0.00367,0.00031,0.00056,0.00082,0.00006,0.00131,0.00673
1700000021.964288949966431,0.00278,0.00016,0.00025,0.00062,0.00077,0.00118,0.00575
1700000021.998184442520142,0.00331,0.00027,0.00039,0.00050,0.00038,0.00129,0.00614
1700000022.032079935073853,0.00323,0.00013,0.00011,0.00029,0.00012,0.00115,0.00503
1700000022.065975427627563,0.00302,0.00012,0.00015,0.00017,0.00002,0.00111,0.00460
1700000022.099870920181274,0.00465,0.00019,0.00022,0.00019,0.00004,0.00238,0.00767
1700000022.133766412734985,0.00386,0.00011,0.00006,0.00007,0.00034,0.00120,0.00566
1700000022.167661905288696,0.00384,0.00020,0.00042,0.00012,0.00114,0.00179,0.00751
1700000022.201557397842407,0.00356,0.00012,0.00006,0.00008,0.00011,0.00133,0.00525
1700000022.235452890396118,0.00391,0.00022,0.00049,0.00010,0.00042,0.00241,0.00756
1700000022.269348382949829,0.00389,0.00013,0.00012,0.00006,0.00056,0.00126,0.00602
1700000022.303243875503540,0.00419,0.00020,0.00005,0.00009,0.00025,0.00130,0.00608
1700000022.337139368057251,0.00367,0.00014,0.00009,0.00007,0.00011,0.00119,0.00527
1700000022.371034860610962,0.00294,0.00014,0.00007,0.00008,0.00015,0.00132,0.00470
1700000022.404930353164673,0.00382,0.00018,0.00006,0.00013,0.00047,0.00241,0.00706
1700000022.438825845718384,0.00368,0.00017,0.00011,0.00013,0.00029,0.00240,0.00679
1700000022.472721576690674,0.00373,0.00017,0.00012,0.00014,0.00089,0.00131,0.00636
1700000022.506617069244385,0.00375,0.00011,0.00005,0.00010,0.00009,0.00117,0.00528
1700000022.540512561798096,0.00365,0.00013,0.00002,0.00010,0.00011,0.00125,0.00527
1700000022.574408054351807,0.00375,0.00017,0.00006,0.00028,0.00010,0.00187,0.00622
1700000022.608303546905518,0.00332,0.00010,0.00008,0.00011,0.00006,0.00118,0.00484
1700000022.642199039459229,0.00332,0.00011,0.00008,0.00011,0.00003,0.00125,0.00491
1700000022.676094532012939,0.00409,0.00017,0.00018,0.00017,0.00017,0.00239,0.00717
1700000022.709990024566650,0.00338,0.00010,0.00010,0.00010,0.00038,0.00129,0.00535
1700000022.743885517120361,0.00374,0.00020,0.00003,0.00021,0.00027,0.00290,0.00734
1700000022.777781009674072,0.00256,0.00016,0.00005,0.00013,0.00017,0.00125,0.00432
1700000022.811676502227783,0.00357,0.00020,0.00008,0.00020,0.00039,0.00245,0.00689
1700000022.845571994781494,0.00365,0.00013,0.00006,0.00012,0.00014,0.00129,0.00539
1700000022.879467487335205,0.00266,0.00014,0.00004,0.00011,0.00020,0.00120,0.00435
1700000022.913362979888916,0.00342,0.00011,0.00004,0.00011,0.00007,0.00129,0.00505
1700000022.947258472442627,0.00306,0.00014,0.00006,0.00011,0.00012,0.00123,0.00471
1700000022.981154203414917,0.00286,0.00011,0.00004,0.00011,0.00010,0.00119,0.00442
1700000023.015049695968628,0.00354,0.00013,0.00002,0.00013,0.00010,0.00131,0.00523
1700000023.048945188522339,0.00282,0.00014,0.00002,0.00013,0.00008,0.00119,0.00439
1700000023.082840681076050,0.00267,0.00014,0.00002,0.00011,0.00013,0.00119,0.00426
1700000023.116736173629761,0.00291,0.00012,0.00008,0.00011,0.00018,0.00114,0.00454
1700000023.150631666183472,0.00387,0.00024,0.00008,0.00023,0.00020,0.00134,0.00596
1700000023.184527158737183,0.00359,0.00018,0.00008,0.00016,0.00034,0.00135,0.00569
1700000023.218422651290894,0.00416,0.00020,0.00029,0.00013,0.00034,0.00144,0.00656
1700000023.252318143844604,0.00382,0.00010,0.00005,0.00007,0.00011,0.00118,0.00533
1700000023.286213636398315,0.00352,0.00018,0.00003,0.00013,0.00029,0.00269,0.00684
1700000023.320109128952026,0.00401,0.00018,0.00012,0.00014,0.00105,0.00253,0.00803
1700000023.354004621505737,0.00388,0.00013,0.00021,0.00009,0.00031,0.00117,0.00577
1700000023.387900114059448,0.00439,0.00019,0.00048,0.00013,0.00046,0.00231,0.00797
1700000023.421795606613159,0.00371,0.00019,0.00012,0.00015,0.00010,0.00225,0.00652
1700000023.455691099166870,0.00366,0.00020,0.00025,0.00014,0.00018,0.00144,0.00585
1700000023.489586591720581,0.00347,0.00014,0.00033,0.00004,0.00036,0.00120,0.00554
1700000023.523482084274292,0.00399,0.00016,0.00003,0.00008,0.00116,0.00119,0.00662
1700000023.557377815246582,0.00319,0.00014,0.00006,0.00006,0.00017,0.00119,0.00483
1700000023.591273307800293,0.00344,0.00019,0.00013,0.00007,0.00052,0.00232,0.00668
1700000023.625168800354004,0.00401,0.00013,0.00008,0.00006,0.00071,0.00132,0.00631
1700000023.659064292907715,0.00355,0.00011,0.00010,0.00005,0.00048,0.00126,0.00555
1700000023.692959785461426,0.00386,0.00016,0.00003,0.00012,0.00052,0.00246,0.00715
1700000023.726855278015137,0.00276,0.00013,0.00006,0.00007,0.00097,0.00122,0.00521
1700000023.760750770568848,0.00366,0.00018,0.00012,0.00033,0.00212,0.00215,0.00856
1700000023.794646263122559,0.00317,0.00014,0.00021,0.00016,0.00009,0.00128,0.00504
1700000023.828541755676270,0.00310,0.00014,0.00007,0.00018,0.00002,0.00148,0.00500
1700000023.862437248229980,0.00340,0.00020,0.00002,0.00034,0.00010,0.00292,0.00697
1700000023.896332740783691,0.00333,0.00018,0.00006,0.00029,0.00132,0.00135,0.00653
1700000023.930228233337402,0.00348,0.00020,0.00007,0.00049,0.00239,0.00134,0.00797
1700000023.964123725891113,0.00303,0.00016,0.00001,0.00047,0.00094,0.00129,0.00590
1700000023.998019218444824,0.00232,0.00015,0.00002,0.00060,0.00052,0.00122,0.00483
1700000024.031914710998535,0.00335,0.00022,0.00002,0.00134,0.00061,0.00259,0.00813
1700000024.065810203552246,0.00304,0.00015,0.00002,0.00067,0.00053,0.00134,0.00576
1700000024.099705696105957,0.00314,0.00021,0.00007,0.00100,0.00015,0.00137,0.00594
1700000024.133601427078247,0.00347,0.00023,0.00009,0.00136,0.00017,0.00198,0.00730
1700000024.167496919631958,0.00347,0.00022,0.00013,0.00128,0.00040,0.00262,0.00811
1700000024.201392412185669,0.00349,0.00023,0.00012,0.00143,0.00030,0.00285,0.00841
1700000024.235287904739380,0.00262,0.00015,0.00004,0.00066,0.00005,0.00129,0.00482
1700000024.269183397293091,0.00289,0.00015,0.00005,0.00059,0.00005,0.00119,0.00491
1700000024.303078889846802,0.00324,0.00011,0.00003,0.00056,0.00011,0.00128,0.00533
1700000024.336974382400513,0.00342,0.00022,0.00002,0.00108,0.00024,0.00140,0.00638
1700000024.370869874954224,0.00343,0.00018,0.00004,0.00058,0.00006,0.00138,0.00569
1700000024.404765367507935,0.00340,0.00016,0.00006,0.00054,0.00025,0.00128,0.00568
1700000024.438660860061646,0.00304,0.00017,0.00007,0.00057,0.00027,0.00138,0.00549
1700000024.472556352615356,0.00309,0.00011,0.00001,0.00051,0.00021,0.00131,0.00525
1700000024.506451845169067,0.00326,0.00020,0.00002,0.00094,0.00021,0.00243,0.00706
1700000024.540347337722778,0.00315,0.00013,0.00004,0.00047,0.00009,0.00125,0.00514
1700000024.574242830276489,0.00276,0.00018,0.00007,0.00048,0.00015,0.00121,0.00484
1700000024.608138322830200,0.00322,0.00013,0.00001,0.00044,0.00010,0.00119,0.00510
1700000024.642033815383911,0.00346,0.00023,0.00002,0.00078,0.00010,0.00152,0.00612
1700000024.675929307937622,0.00263,0.00013,0.00011,0.00041,0.00003,0.00123,0.00454
1700000024.709825038909912,0.00373,0.00020,0.00008,0.00074,0.00067,0.00163,0.00705
1700000024.743720531463623,0.00343,0.00022,0.00009,0.00075,0.00073,0.00229,0.00751
1700000024.777616024017334,0.00360,0.00023,0.00015,0.00101,0.00089,0.00225,0.00813
1700000024.811511516571045,0.00258,0.00014,0.00009,0.00046,0.00049,0.00120,0.00496
1700000024.845407009124756,0.00291,0.00016,0.00046,0.00044,0.00158,0.00126,0.00680
1700000024.879302501678467,0.00401,0.00024,0.00007,0.00144,0.00017,0.00221,0.00813
1700000024.913197994232178,0.00274,0.00013,0.00007,0.00070,0.00010,0.00117,0.00490
1700000024.947093486785889,0.00369,0.00014,0.00006,0.00075,0.00113,0.00139,0.00716
1700000024.980988979339600,0.00399,0.00021,0.00019,0.00137,0.00133,0.00237,0.00947
1700000025.014884471893311,0.00326,0.00017,0.00004,0.00096,0.00072,0.00132,0.00648
1700000025.048779964447021,0.00330,0.00023,0.00008,0.00195,0.00005,0.00145,0.00707
1700000025.082675457000732,0.00350,0.00014,0.00007,0.00118,0.00041,0.00146,0.00676
1700000025.116570949554443,0.00325,0.00017,0.00005,0.00111,0.00004,0.00141,0.00604
1700000025.150466442108154,0.00284,0.00018,0.00005,0.00108,0.00105,0.00131,0.00650
1700000025.184361934661865,0.00370,0.00023,0.00010,0.00213,0.00038,0.00235,0.00889
1700000025.218257427215576,0.00328,0.00024,0.00007,0.00211,0.00138,0.00249,0.00958
1700000025.252152919769287,0.00315,0.00015,0.00005,0.00119,0.00030,0.00122,0.00606
1700000025.286048650741577,0.00302,0.00019,0.00006,0.00131,0.00021,0.00152,0.00631
1700000025.319944143295288,0.00351,0.00025,0.00009,0.00210,0.00025,0.00249,0.00870
1700000025.353839635848999,0.00353,0.00022,0.00005,0.00133,0.00006,0.00137,0.00656
1700000025.387735128402710,0.00255,0.00016,0.00004,0.00116,0.00011,0.00132,0.00534
1700000025.421630620956421,0.00350,0.00015,0.00003,0.00123,0.00009,0.00132,0.00632
1700000025.455526113510132,0.00337,0.00024,0.00006,0.00199,0.00008,0.00251,0.00826
1700000025.489421606063843,0.00353,0.00024,0.00002,0.00212,0.00014,0.00230,0.00836
1700000025.523317098617554,0.00327,0.00024,0.00007,0.00210,0.00017,0.00253,0.00838
1700000025.557212591171265,0.00342,0.00024,0.00006,0.00212,0.00035,0.00243,0.00863
1700000025.591108083724976,0.00362,0.00014,0.00001,0.00117,0.00009,0.00150,0.00653
1700000025.625003576278687,0.00282,0.00017,0.00002,0.00114,0.00027,0.00120,0.00563
1700000025.658899068832397,0.00318,0.00017,0.00004,0.00115,0.00057,0.00124,0.00635
1700000025.692794561386108,0.00325,0.00024,0.00002,0.00201,0.00017,0.00149,0.00718
1700000025.726690053939819,0.00328,0.00023,0.00012,0.00220,0.00013,0.00139,0.00737
1700000025.760585546493530,0.00314,0.00015,0.00001,0.00123,0.00004,0.00122,0.00581
1700000025.794481039047241,0.00354,0.00023,0.00006,0.00173,0.00018,0.00148,0.00723
1700000025.828376770019531,0.00485,0.00021,0.00008,0.00160,0.00013,0.00192,0.00879
1700000025.862272262573242,0.00366,0.00023,0.00006,0.00215,0.00017,0.00154,0.00781
1700000025.896167755126953,0.00356,0.00027,0.00003,0.00217,0.00015,0.00244,0.00861
1700000025.930063247680664,0.00327,0.00015,0.00006,0.00113,0.00005,0.00123,0.00588
1700000025.963958740234375,0.00338,0.00024,0.00007,0.00201,0.00018,0.00149,0.00738
1700000025.997854232788086,0.00295,0.00017,0.00005,0.00115,0.00006,0.00124,0.00563
1700000026.031749725341797,0.00333,0.00023,0.00002,0.00220,0.00060,0.00245,0.00883
1700000026.065645217895508,0.00330,0.00025,0.00003,0.00243,0.00050,0.00248,0.00898
1700000026.099540710449219,0.00421,0.00012,0.00004,0.00109,0.00012,0.00125,0.00682
1700000026.133436203002930,0.00319,0.00023,0.00008,0.00214,0.00031,0.00244,0.00839
1700000026.167331695556641,0.00345,0.00024,0.00008,0.00136,0.00007,0.00137,0.00657
1700000026.201227188110352,0.00335,0.00023,0.00008,0.00179,0.00014,0.00135,0.00694
1700000026.235122680664062,0.00335,0.00025,0.00006,0.00216,0.00034,0.00245,0.00862
1700000026.269018173217773,0.00340,0.00024,0.00003,0.00252,0.00019,0.00247,0.00885
1700000026.302913665771484,0.00336,0.00014,0.00008,0.00107,0.00006,0.00125,0.00595
1700000026.336809396743774,0.00354,0.00024,0.00013,0.00189,0.00010,0.00251,0.00841
1700000026.370704889297485,0.00321,0.00017,0.00003,0.00114,0.00014,0.00126,0.00595
1700000026.404600381851196,0.00368,0.00023,0.00017,0.00189,0.00011,0.00143,0.00752
1700000026.438495874404907,0.00363,0.00023,0.00007,0.00190,0.00051,0.00271,0.00905
1700000026.472391366958618,0.00346,0.00021,0.00006,0.00187,0.00020,0.00152,0.00732
1700000026.506286859512329,0.00307,0.00016,0.00005,0.00102,0.00012,0.00133,0.00576
1700000026.540182352066040,0.00303,0.00014,0.00004,0.00104,0.00010,0.00124,0.00559
1700000026.574077844619751,0.00288,0.00016,0.00005,0.00104,0.00036,0.00121,0.00570
1700000026.607973337173462,0.00350,0.00024,0.00007,0.00202,0.00198,0.00186,0.00969
1700000026.641868829727173,0.00374,0.00023,0.00015,0.00222,0.00273,0.00246,0.01153
1700000026.675764322280884,0.00375,0.00025,0.00010,0.00241,0.00078,0.00186,0.00915
1700000026.709659814834595,0.00391,0.00025,0.00015,0.00241,0.00079,0.00250,0.01001
1700000026.743555307388306,0.00292,0.00016,0.00007,0.00141,0.00006,0.00120,0.00582
1700000026.777450799942017,0.00397,0.00024,0.00007,0.00266,0.00095,0.00233,0.01022
1700000026.811346292495728,0.00306,0.00016,0.00017,0.00166,0.00196,0.00169,0.00871
1700000026.845242023468018,0.00318,0.00015,0.00049,0.00163,0.00275,0.00182,0.01001
1700000026.879137516021729,0.00354,0.00031,0.00295,0.00298,0.00175,0.00128,0.01282
1700000026.913033008575439,0.00380,0.00031,0.00202,0.00250,0.00000,0.00130,0.00993
1700000026.946928501129150,0.00337,0.00017,0.00093,0.00252,0.00002,0.00125,0.00826
1700000026.980823993682861,0.00387,0.00028,0.00013,0.00462,0.00000,0.00251,0.01142
1700000027.014719486236572,0.00305,0.00017,0.00015,0.00236,0.00002,0.00117,0.00692
1700000027.048614978790283,0.00386,0.00017,0.00037,0.00229,0.00047,0.00134,0.00849
1700000027.082510471343994,0.00389,0.00028,0.00006,0.00379,0.00005,0.00135,0.00942
1700000027.116405963897705,0.00396,0.00027,0.00014,0.00387,0.00006,0.00156,0.00985
1700000027.150301456451416,0.00380,0.00029,0.00018,0.00376,0.00005,0.00129,0.00938
1700000027.184196949005127,0.00353,0.00016,0.00008,0.00226,0.00007,0.00131,0.00741
1700000027.218092441558838,0.00411,0.00017,0.00064,0.00211,0.00008,0.00148,0.00861
1700000027.251987934112549,0.00405,0.00027,0.00016,0.00378,0.00008,0.00239,0.01074
1700000027.285883426666260,0.00312,0.00017,0.00050,0.00202,0.00173,0.00125,0.00879
1700000027.319778919219971,0.00386,0.00029,0.00233,0.00318,0.00065,0.00127,0.01159
1700000027.353674411773682,0.00360,0.00020,0.00183,0.00267,0.00002,0.00118,0.00951
1700000027.387570142745972,0.00392,0.00029,0.00021,0.00431,0.00000,0.00231,0.01104
1700000027.421465635299683,0.00411,0.00029,0.00015,0.00284,0.00006,0.00137,0.00882
1700000027.455361127853394,0.00347,0.00018,0.00042,0.00204,0.00000,0.00125,0.00735
1700000027.489256620407104,0.00339,0.00020,0.00012,0.00196,0.00002,0.00124,0.00694
1700000027.523152112960815,0.00312,0.00016,0.00004,0.00194,0.00002,0.00118,0.00647
1700000027.557047605514526,0.00410,0.00027,0.00009,0.00306,0.00006,0.00148,0.00906
1700000027.590943098068237,0.00342,0.00027,0.00013,0.00334,0.00000,0.00175,0.00892
1700000027.624838590621948,0.00390,0.00030,0.00013,0.00365,0.00020,0.00246,0.01063
1700000027.658734083175659,0.00363,0.00028,0.00011,0.00250,0.00005,0.00145,0.00802
1700000027.692629575729370,0.00349,0.00018,0.00006,0.00229,0.00013,0.00156,0.00771
1700000027.726525068283081,0.00404,0.00039,0.00019,0.00406,0.00019,0.00238,0.01124
1700000027.760420560836792,0.00290,0.00015,0.00030,0.00188,0.00011,0.00129,0.00663
1700000027.794316053390503,0.00286,0.00020,0.00036,0.00197,0.00046,0.00123,0.00708
1700000027.828211545944214,0.00371,0.00031,0.00036,0.00370,0.00024,0.00181,0.01013
1700000027.862107038497925,0.00381,0.00028,0.00010,0.00372,0.00093,0.00257,0.01140
1700000027.896002769470215,0.00305,0.00016,0.00012,0.00189,0.00096,0.00134,0.00751
1700000027.929898262023926,0.00411,0.00029,0.00028,0.00409,0.00232,0.00162,0.01271
1700000027.963793754577637,0.00494,0.00039,0.00023,0.00437,0.00006,0.00206,0.01205
1700000027.997689247131348,0.00433,0.00028,0.00011,0.00354,0.00000,0.00143,0.00969
1700000028.031584739685059,0.00361,0.00017,0.00009,0.00235,0.00107,0.00144,0.00874
1700000028.065480232238770,0.00442,0.00016,0.00018,0.00231,0.00009,0.00117,0.00832
1700000028.099375724792480,0.00320,0.00019,0.00007,0.00226,0.00048,0.00114,0.00735
1700000028.133271217346191,0.00331,0.00018,0.00110,0.00211,0.00046,0.00122,0.00839
1700000028.167166709899902,0.00417,0.00028,0.00232,0.00430,0.00171,0.00139,0.01416
1700000028.201062202453613,0.00406,0.00018,0.00006,0.00260,0.00002,0.00125,0.00816
1700000028.234957695007324,0.00389,0.00018,0.00032,0.00246,0.00112,0.00200,0.00998
1700000028.268853187561035,0.00411,0.00032,0.00014,0.00481,0.00000,0.00259,0.01196
1700000028.302748680114746,0.00360,0.00029,0.00028,0.00487,0.00104,0.00241,0.01249
1700000028.336644172668457,0.00424,0.00027,0.00011,0.00348,0.00097,0.00129,0.01036
1700000028.370539665222168,0.00371,0.00018,0.00015,0.00228,0.00003,0.00130,0.00765
1700000028.404435396194458,0.00368,0.00018,0.00009,0.00237,0.00092,0.00119,0.00843
1700000028.438330888748169,0.00296,0.00017,0.00091,0.00268,0.00003,0.00157,0.00832
1700000028.472226381301880,0.00385,0.00016,0.00088,0.00299,0.00012,0.00175,0.00975
1700000028.506121873855591,0.00379,0.00029,0.00075,0.00446,0.00005,0.00224,0.01158
1700000028.540017366409302,0.00415,0.00033,0.00063,0.00255,0.00050,0.00129,0.00944
1700000028.573912858963013,0.00381,0.00016,0.00154,0.00238,0.00002,0.00128,0.00919
1700000028.607808351516724,0.00394,0.00018,0.00009,0.00261,0.00002,0.00154,0.00838
1700000028.641703844070435,0.00384,0.00029,0.00110,0.00453,0.00005,0.00239,0.01219
1700000028.675599336624146,0.00314,0.00018,0.00091,0.00328,0.00153,0.00192,0.01097
1700000028.709494829177856,0.00352,0.00027,0.00100,0.00396,0.00000,0.00138,0.01013
1700000028.743390321731567,0.00355,0.00019,0.00030,0.00237,0.00002,0.00131,0.00775
1700000028.777285814285278,0.00308,0.00021,0.00015,0.00227,0.00004,0.00137,0.00712
1700000028.811181306838989,0.00404,0.00027,0.00007,0.00442,0.00007,0.00306,0.01192
1700000028.845076799392700,0.00386,0.00018,0.00015,0.00284,0.00007,0.00180,0.00890
1700000028.878972291946411,0.00372,0.00017,0.00007,0.00250,0.00053,0.00133,0.00832
1700000028.912867784500122,0.00313,0.00019,0.00012,0.00227,0.00005,0.00138,0.00713
1700000028.946763515472412,0.00286,0.00020,0.00014,0.00215,0.00005,0.00132,0.00672
1700000028.980659008026123,0.00284,0.00020,0.00018,0.00211,0.00006,0.00129,0.00667
1700000029.014554500579834,0.00419,0.00030,0.00025,0.00299,0.00013,0.00222,0.01007
1700000029.048449993133545,0.00269,0.00016,0.00004,0.00201,0.00009,0.00126,0.00626
1700000029.082345485687256,0.00340,0.00027,0.00009,0.00367,0.00005,0.00249,0.00997
1700000029.116240978240967,0.00349,0.00027,0.00006,0.00369,0.00009,0.00141,0.00901
1700000029.150136470794678,0.00374,0.00028,0.00019,0.00370,0.00021,0.00269,0.01082
1700000029.184031963348389,0.00386,0.00026,0.00004,0.00327,0.00011,0.00145,0.00900
1700000029.217927455902100,0.00309,0.00020,0.00003,0.00219,0.00005,0.00167,0.00724
1700000029.251822948455811,0.00337,0.00027,0.00011,0.00365,0.00016,0.00266,0.01022
1700000029.285718441009521,0.00330,0.00019,0.00014,0.00204,0.00005,0.00132,0.00704
1700000029.319613933563232,0.00352,0.00027,0.00018,0.00371,0.00020,0.00239,0.01026
1700000029.353509426116943,0.00394,0.00028,0.00018,0.00380,0.00013,0.00172,0.01005
1700000029.387404918670654,0.00298,0.00019,0.00008,0.00204,0.00010,0.00127,0.00666
1700000029.421300411224365,0.00295,0.00018,0.00011,0.00195,0.00008,0.00123,0.00649
1700000029.455195903778076,0.00383,0.00027,0.00010,0.00364,0.00018,0.00166,0.00969
1700000029.489091634750366,0.00394,0.00030,0.00008,0.00368,0.00086,0.00153,0.01038
1700000029.522987127304077,0.00371,0.00027,0.00006,0.00335,0.00007,0.00142,0.00889
1700000029.556882619857788,0.00276,0.00016,0.00008,0.00207,0.00008,0.00142,0.00656
1700000029.590778112411499,0.00359,0.00028,0.00007,0.00427,0.00016,0.00208,0.01045
1700000029.624673604965210,0.00344,0.00026,0.00007,0.00347,0.00004,0.00139,0.00868
1700000029.658569097518921,0.00329,0.00028,0.00002,0.00339,0.00009,0.00139,0.00847
1700000029.692464590072632,0.00283,0.00020,0.00005,0.00209,0.00050,0.00128,0.00694
1700000029.726360082626343,0.00327,0.00028,0.00274,0.00410,0.00079,0.00163,0.01281
1700000029.760255575180054,0.00293,0.00020,0.00011,0.00227,0.00006,0.00116,0.00672
1700000029.794151067733765,0.00311,0.00029,0.00027,0.00227,0.00005,0.00128,0.00728
1700000029.828046560287476,0.00322,0.00021,0.00010,0.00229,0.00008,0.00134,0.00724
1700000029.861942052841187,0.00336,0.00029,0.00024,0.00396,0.00016,0.00163,0.00965
1700000029.895837545394897,0.00354,0.00028,0.00008,0.00362,0.00006,0.00160,0.00917
1700000029.929733037948608,0.00368,0.00028,0.00123,0.00369,0.00006,0.00173,0.01067
1700000029.963628530502319,0.00427,0.00020,0.00020,0.00264,0.00011,0.00185,0.00928
1700000029.997524023056030,0.00332,0.00026,0.00004,0.00372,0.00011,0.00250,0.00996
