# timestamp (sec),tracking,propagation,msckf update,slam update,slam delayed,re-tri & marg,total
1700000008.134921789169312,0.00229,0.00011,0.00015,0.00000,0.00000,0.00119,0.00375
1700000008.168817281723022,0.00372,0.00015,0.00057,0.00000,0.00000,0.00106,0.00551
1700000008.202712774276733,0.00261,0.00015,0.00081,0.00000,0.00000,0.00126,0.00482
1700000008.236608266830444,0.00315,0.00016,0.00004,0.00000,0.00000,0.00213,0.00548
1700000008.270503759384155,0.00335,0.00015,0.00007,0.00000,0.00000,0.00114,0.00471
1700000008.304399251937866,0.00356,0.00013,0.00018,0.00000,0.00000,0.00113,0.00499
1700000008.338294744491577,0.00332,0.00017,0.00006,0.00000,0.00000,0.00225,0.00579
1700000008.372190237045288,0.00323,0.00017,0.00033,0.00000,0.00000,0.00139,0.00513
1700000008.406085729598999,0.00248,0.00013,0.00008,0.00000,0.00000,0.00110,0.00379
1700000008.439981222152710,0.00288,0.00013,0.00028,0.00000,0.00000,0.00116,0.00445
1700000008.473876714706421,0.00315,0.00012,0.00028,0.00000,0.00000,0.00106,0.00462
1700000008.507772445678711,0.00245,0.00011,0.00035,0.00000,0.00000,0.00122,0.00412
1700000008.541667938232422,0.00304,0.00011,0.00028,0.00000,0.00000,0.00154,0.00498
1700000008.575563430786133,0.00279,0.00010,0.00328,0.00000,0.00000,0.00122,0.00739
1700000008.609458923339844,0.00273,0.00010,0.00244,0.00000,0.00000,0.00119,0.00646
1700000008.643354415893555,0.00295,0.00013,0.00027,0.00000,0.00000,0.00118,0.00453
1700000008.677249908447266,0.00309,0.00013,0.00027,0.00000,0.00000,0.00126,0.00475
1700000008.711145401000977,0.00289,0.00012,0.00015,0.00000,0.00000,0.00118,0.00433
1700000008.745040893554688,0.00335,0.00017,0.00008,0.00000,0.00000,0.00134,0.00495
1700000008.778936386108398,0.00326,0.00017,0.00044,0.00000,0.00000,0.00229,0.00617
1700000008.812831878662109,0.00340,0.00017,0.00047,0.00000,0.00000,0.00155,0.00559
1700000008.846727371215820,0.00353,0.00016,0.00097,0.00000,0.00000,0.00124,0.00591
1700000008.880622863769531,0.00279,0.00014,0.00032,0.00000,0.00000,0.00129,0.00454
1700000008.914518356323242,0.00259,0.00010,0.00036,0.00000,0.00000,0.00122,0.00427
1700000008.948413848876953,0.00288,0.00012,0.00103,0.00000,0.00000,0.00121,0.00525
1700000008.982309341430664,0.00348,0.00012,0.00313,0.00000,0.00000,0.00123,0.00797
1700000009.016205072402954,0.00332,0.00018,0.00330,0.00000,0.00000,0.00171,0.00852
1700000009.050100564956665,0.00314,0.00017,0.00011,0.00000,0.00000,0.00235,0.00578
1700000009.083996057510376,0.00313,0.00015,0.00044,0.00000,0.00000,0.00134,0.00505
1700000009.117891550064087,0.00289,0.00013,0.00111,0.00000,0.00000,0.00116,0.00529
1700000009.151787042617798,0.00256,0.00012,0.00022,0.00000,0.00000,0.00117,0.00408
1700000009.185682535171509,0.00276,0.00012,0.00086,0.00000,0.00000,0.00117,0.00491
1700000009.219578027725220,0.00304,0.00018,0.00073,0.00000,0.00000,0.00179,0.00573
1700000009.253473520278931,0.00230,0.00012,0.00043,0.00000,0.00000,0.00113,0.00398
1700000009.287369012832642,0.00245,0.00012,0.00004,0.00000,0.00000,0.00119,0.00379
1700000009.321264505386353,0.00331,0.00018,0.00048,0.00000,0.00000,0.00251,0.00648
1700000009.355159997940063,0.00321,0.00018,0.00178,0.00000,0.00000,0.00137,0.00655
1700000009.389055490493774,0.00313,0.00010,0.00260,0.00000,0.00000,0.00125,0.00708
1700000009.422950983047485,0.00285,0.00009,0.00216,0.00000,0.00000,0.00130,0.00640
1700000009.456846475601196,0.00307,0.00010,0.00006,0.00000,0.00000,0.00122,0.00444
1700000009.490741968154907,0.00312,0.00018,0.00055,0.00000,0.00000,0.00230,0.00616
1700000009.524637460708618,0.00296,0.00017,0.00230,0.00000,0.00000,0.00125,0.00668
1700000009.558533191680908,0.00335,0.00018,0.00072,0.00000,0.00000,0.00236,0.00661
1700000009.592428684234619,0.00322,0.00017,0.00044,0.00000,0.00000,0.00124,0.00507
1700000009.626324176788330,0.00325,0.00015,0.00059,0.00000,0.00000,0.00140,0.00540
1700000009.660219669342041,0.00327,0.00013,0.00009,0.00000,0.00000,0.00112,0.00461
1700000009.694115161895752,0.00320,0.00017,0.00012,0.00000,0.00000,0.00147,0.00497
1700000009.728010654449463,0.00235,0.00013,0.00009,0.00000,0.00000,0.00118,0.00375
1700000009.761906147003174,0.00305,0.00017,0.00028,0.00000,0.00000,0.00224,0.00574
1700000009.795801639556885,0.00302,0.00012,0.00032,0.00000,0.00000,0.00119,0.00466
1700000009.829697132110596,0.00286,0.00014,0.00029,0.00000,0.00000,0.00120,0.00449
1700000009.863592624664307,0.00307,0.00017,0.00009,0.00000,0.00000,0.00229,0.00563
1700000009.897488117218018,0.00247,0.00013,0.00012,0.00000,0.00000,0.00119,0.00391
1700000009.931383609771729,0.00308,0.00014,0.00113,0.00000,0.00000,0.00121,0.00556
1700000009.965279102325439,0.00307,0.00012,0.00064,0.00000,0.00000,0.00146,0.00529
1700000009.999174594879150,0.00333,0.00016,0.00005,0.00000,0.00056,0.00238,0.00650
1700000010.033070087432861,0.00318,0.00018,0.00006,0.00008,0.00051,0.00215,0.00616
1700000010.066965818405151,0.00228,0.00013,0.00002,0.00008,0.00007,0.00120,0.00378
1700000010.100861310958862,0.00318,0.00018,0.00002,0.00010,0.00071,0.00136,0.00556
1700000010.134756803512573,0.00327,0.00015,0.00004,0.00010,0.00029,0.00127,0.00513
1700000010.168652296066284,0.00299,0.00012,0.00001,0.00014,0.00093,0.00120,0.00540
1700000010.202547788619995,0.00322,0.00020,0.00005,0.00034,0.00440,0.00220,0.01043
1700000010.236443281173706,0.00242,0.00011,0.00004,0.00048,0.00406,0.00117,0.00829
1700000010.270338773727417,0.00311,0.00023,0.00007,0.00200,0.00008,0.00261,0.00811
1700000010.304234266281128,0.00321,0.00023,0.00012,0.00182,0.00141,0.00223,0.00902
1700000010.338129758834839,0.00276,0.00017,0.00007,0.00104,0.00282,0.00113,0.00799
1700000010.372025251388550,0.00286,0.00014,0.00006,0.00136,0.00114,0.00125,0.00681
1700000010.405920743942261,0.00348,0.00025,0.00005,0.00161,0.00125,0.00119,0.00784
1700000010.439816236495972,0.00314,0.00027,0.00007,0.00265,0.00053,0.00128,0.00793
1700000010.473711729049683,0.00272,0.00018,0.00012,0.00180,0.00046,0.00119,0.00647
1700000010.507607221603394,0.00319,0.00027,0.00006,0.00274,0.00003,0.00129,0.00758
1700000010.541502714157104,0.00280,0.00019,0.00008,0.00176,0.00044,0.00168,0.00695
1700000010.575398445129395,0.00250,0.00018,0.00004,0.00181,0.00053,0.00153,0.00659
1700000010.609293937683105,0.00270,0.00017,0.00153,0.00168,0.00158,0.00126,0.00892
1700000010.643189430236816,0.00332,0.00027,0.00082,0.00298,0.00050,0.00122,0.00911
1700000010.677084922790527,0.00347,0.00016,0.00038,0.00199,0.00046,0.00130,0.00776
1700000010.710980415344238,0.00259,0.00015,0.00020,0.00163,0.00084,0.00121,0.00661
1700000010.744875907897949,0.00347,0.00024,0.00015,0.00265,0.00008,0.00130,0.00790
1700000010.778771400451660,0.00323,0.00023,0.00003,0.00261,0.00000,0.00236,0.00846
1700000010.812666893005371,0.00326,0.00025,0.00020,0.00258,0.00143,0.00162,0.00934
1700000010.846562385559082,0.00293,0.00018,0.00038,0.00156,0.00124,0.00120,0.00751
1700000010.880457878112793,0.00302,0.00019,0.00006,0.00180,0.00002,0.00119,0.00628
1700000010.914353370666504,0.00318,0.00025,0.00006,0.00292,0.00000,0.00129,0.00769
1700000010.948248863220215,0.00328,0.00026,0.00011,0.00308,0.00000,0.00246,0.00918
1700000010.982144355773926,0.00317,0.00028,0.00012,0.00257,0.00049,0.00141,0.00804
1700000011.016039848327637,0.00325,0.00018,0.00007,0.00158,0.00163,0.00127,0.00798
1700000011.049935340881348,0.00359,0.00027,0.00075,0.00235,0.00062,0.00130,0.00889
1700000011.083831071853638,0.00427,0.00028,0.00020,0.00351,0.00006,0.00134,0.00966
1700000011.117726564407349,0.00373,0.00027,0.00007,0.00350,0.00165,0.00235,0.01157
1700000011.151622056961060,0.00367,0.00019,0.00064,0.00204,0.00088,0.00121,0.00864
1700000011.185517549514771,0.00347,0.00020,0.00004,0.00230,0.00000,0.00120,0.00720
1700000011.219413042068481,0.00344,0.00020,0.00088,0.00226,0.00047,0.00124,0.00849
1700000011.253308534622192,0.00349,0.00026,0.00025,0.00399,0.00000,0.00217,0.01017
1700000011.287204027175903,0.00313,0.00025,0.00003,0.00331,0.00003,0.00129,0.00806
1700000011.321099519729614,0.00304,0.00022,0.00011,0.00216,0.00000,0.00123,0.00676
1700000011.354995012283325,0.00328,0.00028,0.00001,0.00279,0.00000,0.00142,0.00778
1700000011.388890504837036,0.00311,0.00028,0.00017,0.00405,0.00006,0.00140,0.00908
1700000011.422785997390747,0.00325,0.00018,0.00010,0.00221,0.00092,0.00124,0.00790
1700000011.456681489944458,0.00324,0.00028,0.00027,0.00298,0.00003,0.00140,0.00820
1700000011.490576982498169,0.00322,0.00015,0.00047,0.00217,0.00048,0.00161,0.00810
1700000011.524472475051880,0.00350,0.00027,0.00156,0.00388,0.00005,0.00246,0.01172
1700000011.558367967605591,0.00361,0.00026,0.00018,0.00388,0.00001,0.00269,0.01064
1700000011.592263460159302,0.00323,0.00027,0.00012,0.00319,0.00049,0.00125,0.00854
1700000011.626159191131592,0.00328,0.00028,0.00219,0.00357,0.00064,0.00141,0.01139
1700000011.660054683685303,0.00329,0.00021,0.00004,0.00206,0.00003,0.00114,0.00676
1700000011.693950176239014,0.00223,0.00017,0.00042,0.00197,0.00049,0.00146,0.00675
1700000011.727845668792725,0.00299,0.00022,0.00004,0.00231,0.00003,0.00134,0.00693
1700000011.761741161346436,0.00241,0.00018,0.00002,0.00207,0.00003,0.00128,0.00598
1700000011.795636653900146,0.00304,0.00028,0.00014,0.00401,0.00012,0.00234,0.00994
1700000011.829532146453857,0.00276,0.00020,0.00006,0.00232,0.00007,0.00156,0.00698
1700000011.863427639007568,0.00324,0.00029,0.00024,0.00275,0.00007,0.00128,0.00786
1700000011.897323131561279,0.00322,0.00026,0.00007,0.00339,0.00003,0.00127,0.00824
1700000011.931218624114990,0.00319,0.00027,0.00009,0.00219,0.00007,0.00122,0.00704
1700000011.965114116668701,0.00327,0.00027,0.00009,0.00373,0.00010,0.00227,0.00973
1700000011.999009609222412,0.00341,0.00028,0.00014,0.00365,0.00007,0.00227,0.00982
1700000012.032905101776123,0.00297,0.00018,0.00049,0.00181,0.00049,0.00120,0.00714
1700000012.066800594329834,0.00372,0.00025,0.00014,0.00203,0.00046,0.00131,0.00791
1700000012.100696086883545,0.00334,0.00016,0.00008,0.00229,0.00050,0.00134,0.00772
1700000012.134591579437256,0.00329,0.00020,0.00031,0.00208,0.00046,0.00122,0.00756
1700000012.168487071990967,0.00327,0.00026,0.00008,0.00396,0.00000,0.00132,0.00889
1700000012.202382802963257,0.00364,0.00019,0.00007,0.00216,0.00048,0.00123,0.00777
1700000012.236278295516968,0.00285,0.00016,0.00004,0.00235,0.00003,0.00126,0.00670
1700000012.270173788070679,0.00286,0.00020,0.00083,0.00214,0.00004,0.00117,0.00724
1700000012.304069280624390,0.00302,0.00022,0.00005,0.00226,0.00003,0.00138,0.00696
1700000012.337964773178101,0.00347,0.00030,0.00131,0.00216,0.00060,0.00130,0.00913
1700000012.371860265731812,0.00330,0.00029,0.00163,0.00211,0.00050,0.00130,0.00912
1700000012.405755758285522,0.00343,0.00026,0.00078,0.00401,0.00088,0.00235,0.01171
1700000012.439651250839233,0.00261,0.00018,0.00082,0.00208,0.00046,0.00123,0.00738
1700000012.473546743392944,0.00259,0.00016,0.00004,0.00231,0.00003,0.00127,0.00640
1700000012.507442235946655,0.00269,0.00021,0.00046,0.00230,0.00089,0.00117,0.00772
1700000012.541337728500366,0.00284,0.00020,0.00044,0.00239,0.00000,0.00122,0.00710
1700000012.575233221054077,0.00308,0.00024,0.00052,0.00240,0.00000,0.00129,0.00753
1700000012.609128713607788,0.00321,0.00027,0.00009,0.00244,0.00050,0.00131,0.00782
1700000012.643024206161499,0.00320,0.00021,0.00052,0.00268,0.00000,0.00194,0.00854
1700000012.676919698715210,0.00326,0.00028,0.00096,0.00264,0.00000,0.00141,0.00855
1700000012.710815191268921,0.00275,0.00016,0.00051,0.00251,0.00000,0.00116,0.00710
1700000012.744710683822632,0.00245,0.00020,0.00149,0.00238,0.00000,0.00114,0.00766
1700000012.778606414794922,0.00320,0.00026,0.00163,0.00241,0.00000,0.00126,0.00876
1700000012.812501907348633,0.00343,0.00020,0.00050,0.00228,0.00000,0.00130,0.00771
1700000012.846397399902344,0.00340,0.00028,0.00051,0.00225,0.00004,0.00129,0.00777
1700000012.880292892456055,0.00306,0.00014,0.00007,0.00218,0.00002,0.00128,0.00676
1700000012.914188385009766,0.00247,0.00020,0.00006,0.00226,0.00005,0.00120,0.00623
1700000012.948083877563477,0.00311,0.00027,0.00009,0.00393,0.00163,0.00263,0.01166
1700000012.981979370117188,0.00331,0.00028,0.00007,0.00290,0.00004,0.00128,0.00789
1700000013.015874862670898,0.00266,0.00018,0.00005,0.00227,0.00002,0.00156,0.00673
1700000013.049770355224609,0.00236,0.00016,0.00042,0.00209,0.00003,0.00116,0.00623
1700000013.083665847778320,0.00255,0.00015,0.00079,0.00210,0.00004,0.00115,0.00678
1700000013.117561340332031,0.00332,0.00015,0.00013,0.00215,0.00090,0.00125,0.00791
1700000013.151456832885742,0.00325,0.00027,0.00143,0.00315,0.00053,0.00131,0.00993
1700000013.185352325439453,0.00294,0.00026,0.00096,0.00372,0.00010,0.00225,0.01023
1700000013.219247817993164,0.00335,0.00016,0.00001,0.00300,0.00088,0.00327,0.01067
1700000013.253143310546875,0.00340,0.00028,0.00010,0.00370,0.00006,0.00131,0.00886
1700000013.287038803100586,0.00289,0.00026,0.00002,0.00387,0.00005,0.00203,0.00912
1700000013.320934295654297,0.00243,0.00018,0.00001,0.00196,0.00003,0.00112,0.00574
1700000013.354830026626587,0.00232,0.00016,0.00001,0.00197,0.00046,0.00124,0.00616
1700000013.388725519180298,0.00327,0.00023,0.00002,0.00224,0.00005,0.00125,0.00706
1700000013.422621011734009,0.00316,0.00028,0.00003,0.00328,0.00005,0.00130,0.00811
1700000013.456516504287720,0.00231,0.00019,0.00002,0.00220,0.00006,0.00123,0.00601
1700000013.490411996841431,0.00288,0.00019,0.00014,0.00225,0.00006,0.00118,0.00670
1700000013.524307489395142,0.00271,0.00018,0.00002,0.00215,0.00003,0.00118,0.00628
1700000013.558202981948853,0.00256,0.00018,0.00006,0.00211,0.00006,0.00127,0.00625
1700000013.592098474502563,0.00326,0.00033,0.00024,0.00395,0.00014,0.00242,0.01033
1700000013.625993967056274,0.00323,0.00031,0.00008,0.00397,0.00011,0.00233,0.01004
1700000013.659889459609985,0.00240,0.00018,0.00003,0.00210,0.00007,0.00186,0.00665
1700000013.693784952163696,0.00282,0.00021,0.00001,0.00219,0.00003,0.00123,0.00650
1700000013.727680444717407,0.00224,0.00018,0.00001,0.00213,0.00003,0.00122,0.00581
1700000013.761575937271118,0.00290,0.00019,0.00002,0.00219,0.00003,0.00122,0.00656
1700000013.795471429824829,0.00310,0.00028,0.00002,0.00227,0.00005,0.00145,0.00717
1700000013.829366922378540,0.00295,0.00028,0.00002,0.00263,0.00005,0.00168,0.00761
1700000013.863262414932251,0.00291,0.00019,0.00002,0.00216,0.00048,0.00118,0.00694
1700000013.897157907485962,0.00299,0.00026,0.00220,0.00359,0.00006,0.00153,0.01064
1700000013.931053638458252,0.00286,0.00028,0.00002,0.00362,0.00004,0.00130,0.00811
1700000013.964949131011963,0.00294,0.00028,0.00211,0.00376,0.00011,0.00202,0.01122
1700000013.998844623565674,0.00233,0.00020,0.00012,0.00213,0.00006,0.00124,0.00607
1700000014.032740116119385,0.00307,0.00027,0.00002,0.00373,0.00099,0.00124,0.00931
1700000014.066635608673096,0.00295,0.00026,0.00027,0.00191,0.00003,0.00124,0.00667
1700000014.100531101226807,0.00328,0.00028,0.00003,0.00202,0.00004,0.00167,0.00731
1700000014.134426593780518,0.00294,0.00026,0.00003,0.00357,0.00005,0.00222,0.00906
1700000014.168322086334229,0.00310,0.00018,0.00001,0.00195,0.00044,0.00113,0.00682
1700000014.202217578887939,0.00294,0.00027,0.00010,0.00373,0.00008,0.00221,0.00933
1700000014.236113071441650,0.00285,0.00017,0.00013,0.00171,0.00002,0.00129,0.00617
1700000014.270008563995361,0.00253,0.00015,0.00031,0.00168,0.00003,0.00116,0.00587
1700000014.303904056549072,0.00297,0.00028,0.00136,0.00283,0.00167,0.00255,0.01167
1700000014.337799549102783,0.00336,0.00026,0.00030,0.00295,0.00005,0.00256,0.00948
1700000014.371695041656494,0.00334,0.00029,0.00042,0.00296,0.00228,0.00137,0.01066
1700000014.405590534210205,0.00375,0.00029,0.00082,0.00345,0.00191,0.00255,0.01278
1700000014.439486265182495,0.00324,0.00026,0.00007,0.00261,0.00000,0.00144,0.00764
1700000014.473381757736206,0.00329,0.00033,0.00273,0.00336,0.00007,0.00221,0.01200
1700000014.507277250289917,0.00365,0.00028,0.00051,0.00193,0.00003,0.00142,0.00783
1700000014.541172742843628,0.00290,0.00017,0.00004,0.00193,0.00091,0.00118,0.00713
1700000014.575068235397339,0.00312,0.00025,0.00010,0.00194,0.00000,0.00132,0.00673
1700000014.608963727951050,0.00362,0.00024,0.00014,0.00204,0.00002,0.00182,0.00790
1700000014.642859220504761,0.00355,0.00026,0.00086,0.00171,0.00004,0.00158,0.00799
1700000014.676754713058472,0.00330,0.00027,0.00064,0.00293,0.00005,0.00234,0.00954
1700000014.710650205612183,0.00332,0.00026,0.00008,0.00209,0.00010,0.00133,0.00718
1700000014.744545698165894,0.00322,0.00018,0.00015,0.00160,0.00084,0.00120,0.00719
1700000014.778441190719604,0.00284,0.00019,0.00002,0.00173,0.00047,0.00116,0.00641
1700000014.812336683273315,0.00315,0.00026,0.00023,0.00331,0.00159,0.00276,0.01129
1700000014.846232175827026,0.00357,0.00027,0.00085,0.00323,0.00005,0.00169,0.00966
1700000014.880127668380737,0.00331,0.00017,0.00164,0.00170,0.00127,0.00114,0.00923
1700000014.914023160934448,0.00362,0.00028,0.00017,0.00292,0.00003,0.00132,0.00834
1700000014.947918653488159,0.00303,0.00020,0.00004,0.00212,0.00003,0.00112,0.00654
1700000014.981814384460449,0.00323,0.00025,0.00009,0.00370,0.00005,0.00225,0.00959
